% Band-limited white noise  
% Constant acceleration spectral amplitude 
% 6000  data nT  at  200.000000  samples per second 
%   random number seed = 123 
%   Minimum frequency:   0.5000 Hertz  
%   Maximum frequency:  20.0000 Hertz  
% _________________________________________________________
%         Minimum  Maximum  Average    RMS    Tmin    Tmax
% accel:   -0.027    0.026  -0.0000   0.016  8.5700 23.2150
% veloc:   -0.002    0.002  -0.0000   0.001 25.2200 10.0100
% displ:   -0.002    0.001  -0.0002   0.001  9.1000 22.3950
% _________________________________________________________
% acceleration time record ... 
     0
     3
     7
    12
    20
    29
    39
    51
    65
    80
    97
   115
   135
   157
   180
   205
   231
   259
   289
   320
   352
   386
   422
   459
   497
   537
   579
   622
   666
   712
   760
   809
   859
   910
   963
  1018
  1074
  1131
  1189
  1249
  1310
  1372
  1436
  1501
  1567
  1635
  1703
  1773
  1844
  1916
  1990
  2064
  2140
  2216
  2294
  2373
  2452
  2533
  2615
  2698
  2782
  2866
  2952
  3038
  3126
  3214
  3303
  3393
  3484
  3575
  3667
  3760
  3854
  3948
  4043
  4138
  4235
  4331
  4429
  4526
  4625
  4724
  4823
  4923
  5023
  5123
  5224
  5325
  5427
  5529
  5631
  5733
  5836
  5938
  6041
  6144
  6248
  6351
  6454
  6558
  6661
  6764
  6868
  6971
  7074
  7177
  7280
  7383
  7486
  7588
  7690
  7792
  7894
  7995
  8096
  8197
  8297
  8397
  8496
  8595
  8694
  8792
  8889
  8986
  9082
  9178
  9273
  9367
  9461
  9554
  9647
  9738
  9829
  9919
 10008
 10097
 10184
 10271
 10357
 10442
 10526
 10609
 10691
 10772
 10852
 10931
 11009
 11086
 11162
 11237
 11310
 11383
 11454
 11524
 11593
 11661
 11727
 11792
 11856
 11919
 11980
 12040
 12099
 12157
 12213
 12267
 12321
 12373
 12423
 12472
 12520
 12566
 12611
 12654
 12696
 12737
 12776
 12813
 12849
 12883
 12916
 12947
 12977
 13005
 13032
 13057
 13081
 13103
 13123
 13142
 13159
 13174
 13188
 13201
 13212
 13221
 13228
 13234
 13238
 13241
 13242
 13243
 13242
 13244
 13244
 13241
 13243
 13241
 13239
 13245
 13250
 13256
 13234
 13253
 13229
 13251
 13263
 13266
 13224
 13271
 13286
 13247
 13231
 13230
 13227
 13233
 13199
 13220
 13222
 13230
 13185
 13338
 13185
 13165
 13153
 13286
 13371
 13331
 13346
 13335
 13371
 13367
 13414
 13380
 13409
 13355
 13088
 13241
 13098
 13095
 13325
 13038
 13190
 13479
 13498
 13377
 13279
 13423
 13449
 13460
 13580
 13426
 13560
 13059
 13485
 13569
 13593
 13209
 13004
 13206
 13548
 13497
 13623
 13094
 12793
 13720
 13763
 13335
 13796
 13796
 13590
 13790
 12850
 13816
 13873
 12646
 12939
 13284
 13783
 13413
 13715
 13702
 13675
 13237
 12827
 13183
 14069
 13715
 13596
 13289
 12685
 13760
 12726
 13681
 12361
 13798
 12314
 14260
 14260
 12839
 14312
 12277
 13213
 14059
 13006
 12948
 13849
 12124
 12119
 13610
 13694
 12416
 12233
 12330
 12244
 12042
 12043
 12192
 14104
 14378
 11881
 14519
 12064
 13161
 13837
 13219
 12327
 11712
 11789
 14829
 11868
 14817
 11756
 11768
 14937
 14468
 14543
 15079
 12482
 11800
 13281
 13952
 12948
 13094
 12092
 14997
 12828
 14959
 11234
 14145
 12100
 12002
 13281
 11265
 11941
 12331
 13914
 13773
 12427
 10970
 11180
 11156
 15686
 15207
 11372
 14224
 14789
 11795
 10847
 13963
 10799
 14478
 15623
 14459
 10889
 13056
 14600
 11120
 10463
 15383
 12646
 13391
 10400
 14670
 11834
 15856
 11061
 13262
 13215
 12567
 14889
 12904
 16382
 10086
 10451
 12780
 13221
 14501
 12068
  9909
  9911
 12889
 16236
 13846
 16873
 10223
  9879
  9643
  9919
  9789
 15697
 13772
  9970
 17117
 10138
 12123
 15208
 11596
 10166
  9977
 16621
  9546
 11287
 11513
 16319
 15918
 15302
  9552
 10373
  9327
 16318
  9653
 10801
 15730
 10797
  8863
 17814
 10420
  8691
  9080
 15087
  8928
 16328
  9834
 12182
 18174
 12303
 17626
 16529
 11078
 10196
  9103
 10868
 17844
 17221
 12590
 15585
 17790
 17455
  8295
 14242
 12237
 10176
 17707
 12696
  8607
  8618
 13351
  7943
 11340
 14760
 10461
 12075
  8176
 17794
 17807
  7502
 12484
 13811
  8427
  8657
 14807
  9072
 17696
  7753
  7494
 14164
  9700
 14900
  7584
  8312
 11570
 17019
 13337
 15374
 15043
 17243
  8471
 13953
 17277
  7108
  6646
  8991
 19183
  9057
  8203
 10134
  9672
 17620
  6377
 17835
  6355
  6379
 20043
  9920
  6897
  9378
  6555
 20621
  8730
 11063
 18935
 20335
 18581
 12727
  7295
 20290
  5895
  8720
 19578
  9012
  8159
 10001
 20730
 15242
 15989
  9958
 20689
 15405
  5571
 17393
  5448
 17309
 21432
 20294
 21498
 17543
 10521
 10231
  9109
 19537
 12830
 12675
 21213
 21181
 17463
 20058
 16773
 21643
 14192
 20193
 17819
 15528
 17259
 22073
  5887
 10170
 16969
 20878
 11114
 12106
 21052
 22265
 11597
  5781
 15218
  4986
  4500
  4610
 22439
 20869
 10961
 11126
 11065
 10265
 22720
 18809
  7961
  7080
 19936
 15918
 21746
 10184
 12176
 22270
 22403
  9072
  4381
 17244
 20226
 18607
 20206
 22423
 23180
 10508
 12625
 18869
 20521
  4222
 10050
 22870
 13862
  3675
  5571
  3533
  8183
 19057
 13669
  4967
  6836
  3309
  5230
 23649
 14918
 21270
  8619
  8069
 19702
  2948
  2884
 19306
 21656
 22369
  6469
 12456
 22534
  5963
 21422
  2929
  6228
  2533
 23665
  8750
 21859
 23907
 11779
  3933
 10719
 13606
  9686
 12771
  9843
  8636
 19029
 24483
 11592
 14797
 11653
  2144
  2500
 13678
  7293
 10492
  5668
 18223
 22417
  2038
 22612
 16308
 15637
  1919
  6441
 24287
  3171
  2115
 10536
 21597
  7448
  9741
 23186
  1708
 18077
 22888
 18568
 24902
  1680
 19648
 11205
  3583
 24705
  2460
 24932
 16886
 12537
 18419
  1438
  7249
 22673
 14332
 20537
 25217
  1925
 13563
  4330
  4182
 19505
  2223
  2626
  7042
  6912
 18186
  4437
  7012
  1199
  9703
  8106
  7408
  7195
  4399
 25572
 22213
 13317
 11179
  9116
 22572
 16280
  9594
  6845
  3009
 21729
  4045
  2653
 25169
 22529
 25627
 12570
  9574
  9265
 25253
 25656
 12791
 21893
 23066
 10907
   996
 14075
  6386
 10334
  6693
   814
 21847
 18652
 19831
  2607
 24124
   764
 21993
  1033
  1735
 21943
  5059
   995
 22821
  3971
   719
   726
 16068
  3494
   740
 12430
 22778
 16709
 25637
 25955
  7118
  5107
  3938
 21807
  9367
  9836
 10164
  7008
 22089
 22495
 15978
   751
 24917
  9985
 15438
  1271
  5271
 10621
  5096
 19547
 19109
   929
  9737
 22481
 22524
 13763
 25677
 18021
 13705
 25268
  3036
 24878
 13843
 23498
 25568
 24327
 25502
 25636
   636
  4687
  3871
  6562
 14711
 17344
  7629
  4053
   632
 13041
 20573
  1523
  1428
 16294
 22903
 12738
  2717
  2375
 24846
  6685
  5228
 22315
 15596
 21044
   737
 21887
  5293
 22118
 20614
 19137
 13210
 13461
 18033
 25957
 15421
 24402
 20240
  5835
 15517
  4723
 20463
   625
 24865
   702
 24131
 17958
  3470
 13077
  1533
   653
  6669
  1080
 25858
 15977
  1319
  2642
 13575
 23803
  6270
 24281
 24301
  2590
  8252
  6718
 20173
  8318
 18396
  2012
  4630
 23520
 21220
 21810
 10058
 14469
  2382
  5012
 24259
 12396
  1172
 25390
 15229
  6230
  2905
 25071
  1301
 13980
 21802
 25863
  2954
   591
  4362
 15386
  4114
 21177
  1026
 24879
 19806
 22302
   823
  3857
  3050
 25819
 24792
 25712
  3989
  1474
   661
 21753
 22879
  4485
 11168
  1070
  7202
 25551
 25581
 17846
 23157
 19770
  1398
   690
 12687
  2203
 25652
 24431
 24722
   832
 25856
  4048
   923
 22394
  9735
  4182
 25832
  9487
 17685
   797
  2576
 11374
  2842
 11150
 14025
  7571
 17483
   878
   602
 25697
  9448
  4289
 20075
  8838
 24356
 15309
 20732
 24731
  8355
 25820
 21231
  3687
  1123
   568
  1324
 25801
  5059
 24033
 21548
  8628
   569
  5260
  3576
 20409
 10582
 25835
  5912
 18205
  7785
 12981
  3595
 23163
 25834
 19655
 25806
 23574
   851
  5217
 13167
 11524
 11189
 20459
  8506
 25852
 24488
 10680
  5652
 15944
 25471
 22681
 23840
 20731
  1848
 23128
 12147
  1290
 10622
 23504
 18672
   708
  7130
  3059
 25818
 11425
   610
  8841
  6233
 23722
 20329
  7957
   527
  8594
 22233
 12776
 11883
  8433
 12626
 25831
  2257
 19405
 16799
 24312
 20817
 25802
 25748
 14444
 11726
  1103
 24223
   845
 15697
 14801
 14950
 19824
 25019
   496
 11114
 20019
 12339
   948
 25759
 25641
  5466
 10506
 12583
 13998
   929
 25554
  4279
   778
  6481
   508
 22755
  1461
  5677
 20278
 25645
   624
   996
 24571
 23289
 12411
 23340
  4531
 25648
 14021
  1555
   838
  3237
 25669
 10923
  7478
  1930
 18769
  1085
 10002
 20791
  2944
 23549
 11671
 10569
  2704
  3143
  3488
   573
 15968
 17089
 25740
 11205
 16179
 19066
 25439
 25734
  3916
   646
 23338
  5658
  7795
   475
 14603
 25771
 21883
  1739
 25746
 13300
  6918
   463
 25759
 10522
 24524
 25409
  2363
 25682
  7293
 11324
   841
 11980
 10276
 21938
 11388
 10634
 18215
 14661
   714
 18526
 10217
 25552
 21712
 25749
  1837
   991
 21242
  4901
   476
 22377
 22792
 25008
 21864
 11389
 15147
 20294
 19875
  3794
  8401
 17403
 11301
  3603
 21967
   780
 21905
  7461
  3719
 14094
 22485
 25721
  8824
  4024
 25031
 17452
  7869
 19708
  5187
  3053
 25390
  6537
 24510
 16096
 25043
  9632
   490
 16642
  6669
 16612
 20428
 19196
 22616
 22809
  8730
 16547
 25327
 21519
 21744
 13829
 17210
   375
 11160
  8240
   791
  1937
  6948
 25460
 23605
  2576
  1681
  7128
   348
 16428
 22230
 16574
 23999
  6615
  9730
  5253
 21183
  2537
  5851
  1492
 22739
 18395
 18209
  9340
  1904
 23593
  3499
  6164
  2469
 20928
 14605
 23279
 18283
   613
  3204
 13311
 22211
 19409
  9702
 24188
 10237
  5184
  2486
 17428
 20674
  2162
 20483
  3602
 17787
  2454
  5092
 25471
 25368
  3157
 14851
 23825
 13907
  6814
 18392
 22339
   648
 24023
  4034
 11146
 21217
 14368
 16652
   579
  9042
  4184
 25349
 24708
 14941
 25326
 21522
  6869
  1235
   298
 14087
 24456
 17987
 16735
 23214
 13554
 24722
 23861
 24999
 22701
 21069
 23382
 25485
 25450
 12310
 14880
 11399
 17444
  3345
 18497
  5289
 25069
 12012
 23111
 11296
 25566
   306
 13142
 13774
  4325
  4475
  9921
 11322
 10410
  1041
 25555
  4599
  2367
  1278
 25446
 25061
 20554
 20578
 22503
 25099
 23786
 18787
 12253
 17111
 12758
  4491
 22693
 24524
  2192
  4323
  9476
  4299
   246
 21625
 10001
   690
 24775
  4588
 24117
 18159
 25173
 22353
   940
  7066
 10400
  1473
   288
  1535
 21947
  2219
  5905
   451
  8095
  3105
 15315
 25143
   539
 20227
 24731
  8841
 24944
 21654
 23478
  8825
   279
   496
 10938
 23386
  1336
 19289
  1439
 10668
  7072
 15265
 15304
 24915
  8570
 11301
   196
 16272
   384
 23469
  3995
   785
  3336
 15221
   217
 10292
 22614
 16525
 24832
  6382
 23647
 19537
 25309
  1931
  1249
 20223
  8678
  8971
 17506
  9496
 10960
 12546
   364
 19567
 16097
   850
 22466
  1030
 25123
 24185
   957
  1110
   298
  9278
 21358
  2688
  1315
  7048
 11795
 23572
  1809
  2411
 20027
  2981
  1143
 24433
 11860
 23927
 10360
  3430
 16758
  5736
  5098
 19795
  2413
 15117
   943
 11133
 25070
 25193
 17136
   828
 18680
 19808
   532
 18511
  4666
 17622
 18222
  8096
  7017
  7100
  7406
 14168
  3287
   437
 24848
   314
 11293
   568
 23781
 25317
  4650
 22033
 23632
 19012
 25403
    86
 25398
  9018
 21366
 20778
   690
 15457
 16367
 22220
 13983
 20824
 18337
 13885
   924
  4164
 10834
  4239
 23114
    68
  8915
  4180
 22877
 23772
 25351
 23863
  9059
  1295
  2267
   193
 25251
 20627
 24640
  2998
  2747
   998
  5980
 15705
 13405
  3464
 22893
   514
  5018
  9751
 24021
 16620
 21562
    69
 25289
 17303
 23988
 20219
 12757
 22699
  5061
 14870
   978
 17605
  3636
  6961
 13571
 20859
 20071
  1686
  4405
 19359
  3125
 19281
 24132
 25326
 12451
 19097
  8403
 12254
 12727
 25286
  4884
 17456
 10771
  3052
 13590
   872
 24824
 25033
  7281
 13080
 23391
 16724
 13233
 11741
 20192
 13554
 16080
  1349
 25282
 25324
  5969
 23066
 14142
  5716
 25339
  2550
 23696
  7121
 20605
  2203
   236
 20635
    97
 23334
 25342
 18307
  4102
 20225
 15902
 24859
   547
    76
  8021
 24169
  4358
 15475
    24
   768
 24717
 25036
 24352
 11376
 19201
  4536
 23099
 24525
 17419
    71
 22393
 25259
  9191
 13189
 23790
 21539
    20
 25314
  2504
 23561
 25344
   660
  2401
   350
    23
 23764
  5527
 17306
 20303
  4847
   195
  5411
    32
 24892
   390
  6774
   138
 24692
 12686
 24411
   245
   879
   554
  5846
 16992
  2061
 21043
 21613
 24538
 14484
  7742
 19105
 20756
  1131
  2807
  4129
 19303
 23426
 19837
   219
 25334
 12673
  7958
 24025
    40
 25336
 16943
  3029
 21723
 15248
 20863
 19996
  6700
 14166
  8500
 25034
 13564
 14605
 20087
 14611
 16633
  8897
 16081
 17490
 11066
 22145
  1103
 16798
 13077
  5866
 13082
 24795
   215
  2032
 23262
 13483
 22076
 19019
  8918
 18117
 25331
 20320
  2056
     0
  2827
  2008
 22663
 25145
  7731
   340
 13770
 20038
  9630
 18097
  3091
  1342
 21526
 21503
 15059
  8944
  9281
 24601
  9810
  3001
 25225
 10858
  7746
 24817
  4429
 20193
   909
   261
 25022
  7373
 24170
   124
 16205
  8411
 20167
  7120
  3986
   436
 25026
 23462
  9579
 21461
 23766
 19269
    42
 20768
  7962
 22282
 10485
 22621
 23861
  2674
 11035
   681
 24358
 12549
 20397
  5016
 12513
 20318
   609
 15849
 22967
 23080
  9305
 24902
 14580
 25097
  5679
 19458
 23808
 23171
  6996
  5715
 19494
 16765
 12138
 25027
  6487
   941
   846
 20442
   255
  6132
 13072
 24828
  7056
 14549
 25298
  3172
 24734
 25231
   217
  4318
 16683
 23445
    44
 25040
 21780
  5584
 23432
  1819
 13024
 24964
  5585
 23063
 24647
  3147
 19305
 20850
 13832
 16976
 22963
 21561
 24692
 24479
  2369
  5080
 22560
 19005
  8237
 23265
   989
 24238
  5789
 12664
  2922
 24123
  5195
 15259
  5254
 24593
 16419
  6400
 20948
 19632
 16078
  1512
 21281
  4387
 10002
 18909
 17541
   701
 25059
  9187
 25096
  3416
  6013
 17732
  1244
  1287
 24786
  8806
 25283
 24717
   806
 21863
 22679
 21844
 11663
  2399
 23826
  3172
 24793
 21539
 19778
  8156
 21149
  8652
 21605
 24264
 25313
   537
   690
 25355
  4422
 24635
 12580
    20
  7777
  1996
 22256
 25287
 22010
 20601
  4121
 25353
 12421
  1188
   132
 12655
 13330
  9529
  3523
  5747
 22024
  4529
   214
 24080
 23021
  2446
 18745
 25107
   268
   854
  1360
 23804
 19592
 23658
 24835
 18273
 22527
 13941
  1037
 21307
 23439
 13769
 23446
 15356
 13228
 24706
 24822
 24233
  1495
  6481
    54
 13158
 24931
 24827
 10743
 23411
  7614
   636
 16093
  3805
 23373
 21636
 16395
   636
    47
  1732
  5127
 25263
  1718
 24510
  2543
  3267
 25078
 22135
  1749
 20796
 22832
  3382
 22134
 25286
 22011
 25285
   396
  8790
 23205
  3109
  4346
 21128
 13970
 18102
   217
 20548
 13105
 23993
 11770
 25351
 20704
  9066
 11210
   656
 22930
  9279
 24587
  6568
 13095
 11871
 18844
 24851
 22331
  1579
 21367
 12547
  5386
  1366
 25412
    76
 14558
 22134
  6375
  7209
  3038
 11138
 20911
  8159
  6116
  3722
  8965
 20689
  7925
  9393
 24017
 25257
  3534
 17947
  4885
   219
 14493
  9965
 25412
 22099
 21305
    92
  5243
 17934
  3867
  3248
  5828
  1491
  1732
  1339
  1015
  8079
  6271
  5990
 18821
  3418
 18994
 25076
  1413
 22814
  8492
 24867
 22037
  2053
  7289
 15716
 20814
 20538
 20478
  4286
  7955
  5861
 11072
 20495
 16049
   683
 23481
 16485
 12704
   607
 20518
 24794
  6049
 21172
  5153
  2140
  2296
 14084
 14852
 24587
   319
 15395
   288
 17692
  2473
  4772
  5870
 17788
 13442
 10302
 17709
 13469
   815
  1988
 12310
  8733
 20437
 24915
 25139
  4461
 18297
 25162
  8369
 20310
 24784
 24387
 25322
  7027
  8739
 20083
 25406
  4075
 22480
 14743
  7198
  1947
 25373
 11398
  5440
 24561
 25010
   385
 24866
 10069
 24471
  1362
 17602
   503
  7698
  1115
 10213
 24650
  7482
 14011
  1343
 23946
  7672
  6484
  6401
 15979
 24898
 15028
 22625
 25342
 16779
 12333
 15071
  1403
   384
  1801
 25499
   198
 11609
  2911
  9236
   373
 16876
 23915
   242
   240
 19518
 10079
  7054
 17306
 25458
  6561
  4614
 12989
   221
 11525
 23295
  3507
  3534
  1798
 10032
  5175
 25227
 24511
 12016
 14674
 25278
 10332
 20699
 20961
   778
 21718
  3403
  2879
 11362
  6780
  1193
   869
  1011
  9588
 25557
 24716
  1484
 11054
 15013
  3507
 14664
 21898
 13603
  1930
  3157
  1011
 24340
  9031
 21938
  5799
  1268
  4551
  1868
 11968
 23036
  5088
  2982
 17081
  2519
   793
   361
  1438
  9888
 24102
 25446
 25433
 20347
  9573
 21596
 19009
 20362
  1377
  5120
  5069
 19908
 25064
  9783
 10965
 12438
  2908
  1841
 16731
  7117
 15321
 24756
 19255
 21207
 11381
  4963
  3642
 24514
 11997
 16340
 24202
 13925
  2005
  2322
 15959
 17075
 19536
   615
 25490
  1342
  2766
 14079
 22083
 25217
 11840
 22981
  1047
 25545
  9000
 17090
 16038
 16479
  1536
 24239
 19644
 24978
 14039
  2242
 25482
 15724
 25095
 17322
 21817
 24949
 25426
 24558
  9364
  4217
  3989
 19622
 18507
   690
  6303
 19204
   358
 20254
  1876
  8776
  1427
 23111
  7317
   752
 10368
 14142
 14803
 16844
 20263
  5244
  5735
 24930
 18631
 25649
   556
 25128
 14740
 20330
 24154
 25637
 12636
 18529
 18828
 13459
  3800
   475
 25517
  4017
  1418
  3415
 23792
 20226
  8640
 17291
  5255
 15845
 25670
 20991
 18482
 22156
  1270
 11451
  9143
  7849
 23381
  3956
 13991
 20173
 10574
 21086
 23020
 18121
 19512
 24135
 14349
  8482
 12630
  6584
 12711
 24463
  7474
 25664
   452
 25687
 21915
 14858
 24603
 15200
 25632
  1429
  6039
 14470
 24121
 25693
  1967
  3389
 11865
 10196
 10362
  7104
 14824
  2391
 20604
 17459
 25678
 18414
 20213
  2929
  4372
  1995
  1028
   636
 17262
 13429
 23791
 21043
  1753
  2733
 25597
 14445
   792
  1392
 21981
  3279
 16488
   485
 25642
   810
 25671
 21920
 18528
   600
   559
 25674
 21767
   510
 25709
 15110
 23338
  4210
  9896
  7454
 16397
 25586
 22892
 19210
 17968
 15595
   572
  2521
 22192
  2823
 19913
 22320
   414
 25185
  1662
 10109
 13653
 19945
  6757
 25703
 24843
 24002
   381
  4631
 21762
 25272
  8688
  2540
 20119
 25286
 19113
   508
  6827
  9875
  4389
 25404
 24129
  1145
 23627
  5959
 25257
  1303
  8785
  7087
   520
 18298
  2198
 10972
 24610
 16861
 11700
  9318
 25709
  7615
 17348
 16161
 13841
  3873
 19143
   948
  9035
  2271
 22839
   395
 12055
  4632
  4730
 24952
 22946
  6110
 19392
   634
 25565
 20681
  4560
 25433
 12601
 25705
   486
   398
 15815
  1396
 19055
 12272
  9224
  4825
  8279
 10218
 21604
 25577
   595
 12577
  7636
  4406
  1850
 22248
 13293
  1500
 25127
 22097
  1521
 21916
 19264
 21085
  7439
 23846
   428
  3319
 22450
 24494
 17312
  8108
 15535
  4007
  7914
 11680
  7837
 18674
 20737
  1647
 17454
  2952
 18307
   494
  4855
 16279
 22300
 25254
 13551
   776
  6776
 23199
  3604
   722
 16444
 25591
 24611
 10770
  3893
 25491
  9628
  4009
 24767
  4683
 15566
 15667
 17891
 23284
  3117
  3603
  4289
 24424
 16640
 13153
 10317
 25289
  1444
  2032
 15164
  8929
  4992
 22047
  7909
 14996
  5041
 25354
 19635
  5298
 24511
 25093
  2291
  3119
 24825
 13186
  4860
 22043
 25713
 24703
  3816
 13178
  3572
 17926
 24858
 12776
 24664
  6079
  2868
 19446
   744
  4989
   546
 14270
 15328
 13735
   484
 17886
 25682
   744
   940
 17131
 12634
  9879
 25411
 22351
 21082
  1263
  2830
  1431
 11438
  3186
 21553
 20472
 13738
  3028
 17835
 17587
 20684
 15483
 19556
   588
  5244
  1717
  8032
   575
  4716
 15093
 18801
 24160
 23624
  7067
  9519
   835
 18294
  8501
 12417
 18132
  6042
  4877
  1560
 19061
 25700
 23152
 25701
 21870
 15943
   561
  2419
  1149
 24950
   363
 25656
 16308
 25041
  8990
 25134
  9261
 20838
 25690
  8316
   734
  7085
  1382
 22133
 10045
   619
 25686
 12720
  5886
 19864
 14767
 25482
  4363
  1148
 14953
  8055
   955
 25685
 21441
 18939
 12491
  2938
 25603
 18293
 19458
 22952
  1079
 15633
  7739
  6722
  9436
 25524
 16220
 24972
  5719
 25469
  1615
  9060
  5836
 25096
 24432
   995
 25667
  9308
  3856
  4321
 15082
  5909
 15573
 22960
 24593
 24554
  2461
 23740
  9437
 25649
 25441
 15053
  2310
   712
 10333
 14056
 23229
   365
  1279
  5259
 22608
 16647
  2734
 13561
 11520
 13199
   434
  4690
  3393
 20492
 25598
 22877
   345
  1444
   716
  5074
 24637
   343
 23091
 21462
 23974
  7293
 22947
  7927
 24310
   343
  7286
 18697
  2413
   803
   357
 15009
 12676
  3693
 20264
   981
 12547
 20045
  9370
  3463
 21548
  1364
   381
 24845
  2698
 10889
  1036
   344
  3899
  2526
 23395
  7224
 24171
 19590
  1545
 10414
 16824
 25299
 12455
 24879
   414
   801
 23963
 17573
 25613
  6413
   344
 20263
 10239
 11163
 16436
 22504
  3378
 17683
 10868
  6471
 14688
 19261
 16340
 19903
 22814
  7707
  8227
  9895
  2989
 10857
 22629
 15483
  3809
  5208
 19582
 15177
   322
 17535
 19955
   313
 12966
 24243
   329
 12469
 25340
 20947
 21905
 12378
  2990
 10533
 22766
 17205
 15209
 20524
 22377
 20256
 22095
  5682
 24795
  9348
  1983
 21525
 20656
 14563
 24221
 14536
  7699
 17110
 14468
 15758
  1913
 16759
 25149
  5285
 20632
 22646
 10389
 21403
 22255
 14329
 17837
   950
 25492
  4894
 18534
 25503
  7251
  6218
 16679
 25577
 16074
  2864
   358
 21326
 12345
 21270
 13029
 21362
  6798
 25580
   432
 19548
 13737
 12338
  1745
  1901
 14172
 16573
  9118
  2370
 12815
 24286
 10660
  7226
 12931
 23643
  5734
  4454
 25537
  6401
  6305
 18888
 15753
  2594
 25578
 24083
  5958
 14660
   297
  9300
  7462
 22233
  6510
  9983
 23049
  1029
 10200
 25478
  1063
 16372
  2505
 11099
  1034
 25433
 11416
  6711
 18340
  6384
 24783
 13591
   503
 20445
   744
   534
  6275
 11872
 20943
 24180
  4048
  6878
 16599
  9823
 24935
  8387
 22220
  2256
 14645
 10233
 12733
  2725
 11998
 17452
 25485
 15592
 25465
 14227
 19731
 22556
 21902
 11383
 25564
  9064
 17119
 11208
 21992
 24347
 14392
 22207
  7842
 25624
 24382
 23416
  5492
 14671
 13530
  9433
   750
 22925
 10513
 22475
   383
  8428
  5728
  2369
 24189
 18112
 23242
 25625
 24805
 23959
  9810
  1999
 11337
 23967
 18743
 24843
  2380
 22217
  1346
 13798
 19720
 25630
 25596
  1024
  9944
  5545
 19362
  2439
  9154
   503
 20681
  4833
  1426
 19993
 15824
 25577
  8326
 10854
 19555
   432
 23902
 13050
 18827
 24509
 18265
  6688
  2167
 23662
  3396
  1400
 19626
 10737
 19882
 14785
   301
 18428
 17492
 24309
 25596
 14095
 13370
 11015
 24168
   999
 13116
 17670
 13691
  1708
 20952
 24536
 19637
 20592
  9691
   358
  1502
 24989
   753
 14762
 13033
 23248
 11187
 13637
   358
 24458
  2658
  2848
 14220
 20089
  2428
 21858
  4819
  1414
   485
   296
 13371
 11797
  7452
   485
 23349
 25361
 21263
 22941
 19318
   611
 10145
   800
 22627
   300
 17073
  7206
 16198
  7868
   402
 25630
 25551
 24239
  7040
 20402
  6583
 21115
   364
  4199
 14445
 24344
 23582
  1458
 16494
 10070
   714
 22602
 12939
 13612
  6154
 12848
 14723
 25300
 22014
 11460
 19162
  1285
 17300
   349
 24707
 15132
 25406
 16057
   943
 21691
 15331
 23440
 14315
  1225
   462
  6419
  6978
  3121
 23435
   536
 25633
  5453
 18153
  1136
 20065
  2372
  5665
 12612
 25568
  2447
  9698
 20793
 23852
   574
  1044
 24127
 24333
 22327
 11400
  4263
  1879
 25622
   428
  3707
 11757
  9561
   571
  2036
  9519
 25635
 24654
  7434
 18614
 22308
 25274
  8008
   311
  2612
 10960
 19543
  6144
 16929
 12289
  2102
 21036
 24204
 10712
 19496
 24464
  5692
  4695
 17990
 25468
 12726
 16583
 25549
 10226
 22350
 15143
 24615
 20733
 14738
 25161
 25477
  9437
  1009
  2735
 16079
 24080
 19981
 14465
  1140
 22449
   327
  5899
 22572
 25570
   729
 23424
  5096
 22358
  5827
 21177
 10828
 25640
 21159
  1313
   379
 14768
  9685
 20065
 25593
 24943
  1182
 17387
  9249
  7083
   733
  3910
  8340
   474
 25298
  3753
 21445
  1143
  1397
 25089
 10572
 25652
 25118
 23506
 16399
 25642
 23083
 22940
 20086
  5473
  9880
  1272
 21187
 23140
 25368
  7765
  9602
 24070
  7478
 13139
 25628
  7088
  7466
 25083
  1502
  1722
   944
 19023
  3957
  6952
 20189
 20550
 10670
 10859
 23648
 11176
  2107
  1704
 22337
  2358
   333
 22651
  1656
 20888
  3059
 23348
 19392
 11124
 21336
  8605
 25282
  9575
  2918
  9423
   830
  8904
 25343
  2023
   340
 23401
  9331
  1602
  4665
 13975
  6145
  1886
 25166
  9096
  2780
  5247
 21724
 24657
  8365
 24626
  6021
  2643
  1863
  3310
 18829
  3159
  6557
  7659
  4761
 23829
   865
 17472
  1889
 21793
   593
  3042
 11889
  1782
 18754
  3442
  3914
 24689
 23861
  2035
 24225
 14115
   418
  8683
 23149
   559
 25392
  9140
 15711
 23037
  5015
   361
 13301
 21089
 22725
  8064
  9127
 25136
 19439
 24561
  4767
 24882
 25545
 24263
 18755
  4169
 13062
 25675
 25585
  9826
 18872
  2887
 23908
 15346
 17655
 25335
 18966
   372
  3311
  1993
 25706
 22746
 21995
  7190
 19260
 19516
   375
   492
 10316
 25681
 22853
  3466
 25631
  5342
  3783
 22215
 25008
  8836
  3943
  2766
 10241
 21019
 24988
 12181
 17205
 10975
   633
 25268
 24587
 25714
  3933
  3625
 15408
 11534
  9378
 14688
 25710
 17334
  8124
   537
 25089
  7379
 17692
   465
  4905
   453
  4030
 15831
 25709
  2580
 20229
  5871
 16512
 25535
 18207
   401
   410
  2690
 12977
 15384
 18243
 11856
 16363
   532
 16286
 24366
 14671
   480
 24970
 23844
   475
 25715
  1085
 20184
  8405
 16565
 12722
  1324
 15553
   682
 14837
  9046
  3947
   563
  1464
  8535
 16404
 24413
 25731
 10468
 23713
  1056
 25732
 25434
 25554
 18057
  6271
 15545
 17524
 25199
 25182
   980
  4277
 16286
  4533
 25655
 25651
  7648
 23735
  1514
  9435
 13280
  1544
  9939
 11217
 12103
 12792
 24738
 20232
  8420
 18543
  2032
  9879
  4288
  2209
 16691
  1723
 24963
 23246
 23905
  7192
 24561
  1565
 19476
 25105
 11763
 24380
  4244
 10662
  5417
 25368
 22411
 17512
   581
   671
 13799
  1400
  1634
 19588
  9092
 10643
 25691
 24796
 24564
 25286
  6471
 25398
 25457
 12018
 24951
  6674
 25746
 12869
  4022
  4500
 23784
  4280
   538
 19641
  2365
  3895
 14595
 20188
 12885
 13802
  2383
 17732
 23061
 11001
  3607
  7849
 24871
  1532
 23098
  5471
 24357
  5138
 20433
  1218
   542
  7733
 24093
  1670
 16569
  8299
 21589
 20614
  5568
 22410
  3792
 24785
 14736
  6805
  1749
 25344
 22760
  1551
 10664
 10741
 20851
  2628
 19730
 16229
 20391
   907
 15243
 17858
 16062
  5388
 19148
  5102
 10384
 19413
 21225
 24615
 25193
 17278
 22879
  8178
 25753
 19780
 16370
  2709
 17605
  1654
 19118
 14206
 21935
 20475
  6153
 21702
  1835
 16825
  1192
 13884
   636
 14335
  3080
 11944
  4743
 12471
  9899
   526
  2373
 25458
  7458
  1920
 16388
  3131
  1198
 25529
 17656
 25623
  8957
 10182
 17558
  2244
  1332
  9982
  2196
 18521
  8657
 14396
 17495
  1445
 25332
   702
 13131
 24852
  1533
  1399
   448
 18296
  3835
 25423
 24652
 22823
 15395
  3842
 14249
 25021
  4569
 14660
  1769
 12690
 24669
  1623
  2263
  9309
 10776
 11572
  1265
  4416
  1428
   431
  5808
 19280
 24360
  1209
  7226
  3909
 21841
  3055
   599
 10056
  1387
 21256
 21158
  1467
 24129
 25105
 16890
  3022
 25173
 15283
  1517
 16081
 25453
 25314
 12817
  4583
  5706
 13564
 20473
 20693
 25293
  7421
 20781
 18209
 24493
 10312
  3068
 25467
 23182
 25226
 25548
  1536
 24756
  8233
 25644
 18850
  9552
   445
  9992
 25196
   897
  8890
  1342
 19583
 20037
  4062
 10568
 15672
  3427
  7530
   552
 17818
   462
  1741
 23653
 25741
 13196
 23672
  1024
 21949
  9754
 10670
  5633
 23220
 12896
  3540
 10501
 14834
  4388
  7902
 17841
  7549
 25432
 25706
 21438
 17232
  4565
 15302
 16396
  6509
 24628
  7518
  1711
 19222
 24100
 14869
  5410
  3577
 17125
  8074
  2565
  7938
 14931
 20895
 17907
 23068
 11023
 22393
 22501
 21851
   442
  2373
 19022
  1801
  2014
 24655
 25751
  9131
 23657
 18434
  3794
 24754
 10245
  2158
  9277
 19655
 10289
  1446
 24949
  1728
 18735
  1706
 10842
   520
 25383
  6482
 25619
 19159
 13297
 23080
  4334
 22241
 22487
  3579
 14505
 21716
 25409
   771
  1833
  5801
 16932
  4469
  9008
 20440
 19024
 16191
 19698
 25443
  3554
  5185
  4167
 23635
 15212
 25251
 16789
 12104
   461
 23000
   421
  8026
 19460
   815
   452
 14014
 23970
 16961
  1210
 17842
 17443
 12572
 20509
 23840
 24980
   423
  5642
  9952
   435
  6416
 20318
  8243
 25149
 21517
 21161
 11968
  6650
 17723
 21858
  4174
 25191
 19442
 24798
 14947
 23643
 19497
  3045
  8502
 24237
 25687
 12573
  3248
 25750
  1023
   612
  4774
  4546
 16515
 11989
 25541
 23367
   418
 25755
   586
  2089
  3083
  6813
 13639
  2856
  1432
 25111
 16201
   429
 11264
 25587
 15608
 14916
 16819
 13422
  5387
 22730
 12338
 21381
 25124
 11053
 24235
  5658
 25752
 22348
 20452
 25738
 24751
 21349
 25754
  1634
   668
 20784
 23430
 25700
  4987
 24084
   984
  5555
  1665
  4045
  1839
  7195
  8866
   531
  9583
  1555
 24688
 21074
  1199
  1339
 24062
 25673
 23958
   474
 24368
  2036
 21249
 19389
  9115
  3563
  1872
 14954
   605
  1341
 25444
 12783
  1692
 12698
  2250
  9861
   486
 16307
 25626
  9819
  6512
 21098
  1711
  2060
  6743
 12741
 25559
  3191
  8557
 24010
 15194
 25760
  9599
 11467
   441
 11079
 23202
 19650
 21028
 15121
  6008
 19913
  4849
 15837
 23377
 24692
  7531
 14507
 17735
 12669
 25279
  4728
  4304
 22042
   821
   449
   500
   435
  4044
 24258
  2441
  2133
 18279
 20886
 18121
 21735
  1502
  3557
 11552
  8208
 13618
 13081
 24600
 21341
 16643
 18398
 21242
 22634
  3085
 22928
 19174
  2296
  3580
 16116
  6835
 21970
 19300
  3121
  1287
 23569
  2708
 15488
 19291
 19838
 17898
 25751
   782
 24799
  9143
 20066
   576
  3153
   446
  8352
 13056
 21762
 21469
 11805
   787
  3548
 17836
 23353
 21791
 15405
 16652
  9010
 14120
 12014
   797
   802
 14695
  8941
  9148
 16317
  2256
 17297
  4912
 22013
  1035
  5354
   647
 18442
 20535
 11991
  7332
 20897
   606
 25369
 14602
 11704
 20106
  5329
   586
  8825
  9844
  9574
 12724
 13419
  5795
 21239
   650
 19258
   984
 25474
 19481
 23754
 22576
  1812
 20791
  9989
 20745
  3719
  3365
   460
 14599
 24620
 15850
  7556
 23643
 25264
 16497
 15271
 13989
  3714
 25755
 24908
  2159
 25749
 21784
 24233
 25785
 25532
  1809
 16561
 10418
 17195
 24019
 22803
  8768
  4655
  1682
 25341
  1597
 15091
 25805
 18606
 24175
 18202
 24345
 18134
 19170
 23818
 25794
 21910
 25324
 24173
 23772
 20327
 25183
 16248
  2967
 19581
 18737
 21992
  1143
 18665
 23919
 19320
 20358
  1935
 10911
  1768
 21375
 22997
 25497
 25562
  2702
 14228
  9551
 22050
 24779
  8510
   621
  1390
  1064
  6703
 24989
  4032
 21409
 18450
 19864
  6070
 22011
 25015
   498
  2376
 20835
  1116
 15911
 14786
  5044
  8209
  1983
  1435
  3174
  9569
 24896
  7845
 24086
 25326
  1220
 17280
 24864
   528
 11645
 25240
 17869
  8556
 23882
 21779
 18712
 25191
  9859
   783
 24620
 24331
 18403
   810
 24607
   566
  2963
 23975
 18638
  3777
  1550
  3223
 11903
 17547
   737
  5945
  5259
 16783
 23450
 16166
  6532
  2220
 25816
 23735
 19878
 24564
 18361
  5393
  8111
  2655
 10985
  4752
  2384
 14670
 25316
 25471
 25809
 10684
  7397
  1216
  3797
 10341
  2791
 24245
  4572
  2417
  7031
 24406
  8093
  6482
 14175
 16608
 21494
  3197
 25638
 11634
 16001
 16842
  6652
  1123
 10623
 21706
 21170
 25488
 21574
  7060
 15736
  1353
 11409
 22495
 15595
   665
  7893
  1324
 14035
 15574
 24101
  9118
  6470
 25073
 23761
 16885
 13282
 24305
 17742
 12726
  2243
  1432
  6893
  1262
 15064
 20283
  4619
  2140
  6630
 14193
 23513
 25880
 19825
 17479
  1499
 21803
 25292
  7044
  1918
 25862
  1170
 16940
 14938
 23975
 10679
   885
 25515
 18433
 18685
 25005
  8768
 16174
 14458
 23986
  5355
  1199
  6050
  3153
  5185
 25862
  3529
 24151
  5867
 24602
 23487
   666
   650
 10805
 19856
 25030
 20678
 15984
 15905
  6004
  3160
 15535
 17700
 24501
  1527
  1969
  3306
 19529
 10666
  3136
 20291
  7145
  9442
  7927
   780
 19811
   647
 11959
 22566
  6179
   919
   622
 22797
 21927
 15589
  3043
  2759
 24115
 20230
   979
  3200
 18458
 14173
 10522
 23717
 22831
 23899
   669
  5304
  3270
 13640
 18199
  1627
  1082
 13267
  2032
 24721
 25891
  1053
 14480
  4235
  6581
 23569
 25453
 18808
 20586
  8853
  3780
  5384
 12342
  1207
 10840
 13419
   876
 25631
 16330
  9159
  9450
   882
 25536
   642
 16915
   641
  4149
 25599
   775
   741
 12800
 17964
 12865
  3334
   769
  3958
   866
 18236
  1255
 22445
  3363
 12223
 10772
 20247
 11462
  1075
  5130
 22949
 12609
 11711
 10309
 23945
 25106
  3159
 18407
  1754
  9511
  5229
   725
 23860
   745
  4990
 23564
  1361
 21806
 11797
   635
 22367
 12581
 24184
 21989
  8261
  5033
   711
 15253
 15646
 25437
 14513
   941
  9077
 13152
 22972
   706
 15782
  1379
 16844
 25176
  8881
 23938
  7143
  4832
  9891
 19971
 23010
 16719
 15770
 11899
 22955
 15900
 11438
 23848
  4597
  9078
 15757
  2968
  5706
  2597
   660
 19395
   961
  2870
  5652
  6792
 25791
 22957
  7971
   637
 13648
 21236
 22281
   717
 16053
  6545
  8583
 20756
 25543
 24424
 13394
  3243
 17724
 25958
   695
 14593
  2993
 18581
 25956
 25847
  8830
  2176
 25859
 25092
  5267
 24197
 12135
  8439
 25719
  2000
 16963
 20955
 21589
 22110
 18680
  6504
 13912
 13082
 16424
 23076
 22615
   668
 23800
 13789
 11162
 18395
  2417
 12639
 23087
 23445
 22175
 25763
 11548
 13985
  1371
  1472
 15928
 25942
 10681
 25431
 18518
  2218
  7426
 24235
   978
 20648
 22391
 12485
 22907
 19013
  4265
 22427
 25973
 25743
  3781
 25981
 20726
 15918
 25912
  9031
 25957
 13285
 20735
   660
 15633
 25804
  8670
   649
  5175
 24727
 25938
   699
 11943
   995
  9350
 19633
  6537
   653
   660
 15165
 14695
 12943
  7324
 18675
  2002
  7734
  6056
   930
  7698
 25972
 20416
 10406
 25441
 16049
   696
  7554
  3899
   878
   770
 21422
 16615
 21665
  7859
  6219
 24794
 19606
 15240
  3108
  8232
 16362
 25121
  8573
   954
  6175
  6688
  1135
   652
 22927
  2075
 20729
 15294
 23654
 21849
 10551
 19168
 21526
   991
 23585
 17810
 25839
  9891
 25896
 13811
  4701
   752
 13250
 21914
  1839
  6869
  1600
 23671
 25437
  2173
   791
 25102
 15854
   650
 11900
  6860
  3917
 14565
 12660
 20867
 24805
  9698
  2977
  1413
 15589
  2651
 12565
 10022
 20425
 23359
  2332
 17860
 25829
 12748
  4270
  3079
 12234
 12269
 19774
   698
 23872
  1197
 19653
  4602
  2392
  4629
 19131
 25475
  9378
  4037
 12136
 20125
 15602
 24302
  3367
 17521
 23992
 17616
 18541
  3296
 15717
 24643
  5147
 25914
 22933
   679
 17125
  9358
 25232
 24663
 25499
 25937
 24171
  1472
  7888
 20778
 25150
  1402
 23676
 11587
 10003
 25377
 16310
 24112
 23001
  1133
  2150
 25045
 23010
  5225
 25559
 10663
 19213
 12841
 19322
 24818
 24161
 25892
  1170
  5102
 25368
 23296
   947
  8970
  1113
   643
   593
  4360
 23185
 16810
 25892
  9210
 14114
 13976
 15902
  2888
  3675
  2476
   839
 20315
  7583
 24831
 20572
   578
 25611
 23478
 18302
 25709
   804
  4673
 20440
 21424
 23627
  6044
  1132
  7580
   734
  1516
 14137
 25820
   748
  7010
 11578
 13266
  1917
 25766
 23754
 11254
  1328
 25616
 25521
 12836
  1109
 21305
 25091
   675
  3186
 22804
  1652
 25754
  2243
  3021
 13679
  2352
 25810
  1343
 21268
  1820
 25569
 14871
 15468
 15033
  4086
 23311
 11808
  5287
  6266
 19706
 21413
  5031
  2998
  6143
 19877
  5154
 13272
   977
   676
   525
   659
  3435
 25842
  9889
 10093
 22550
  9709
 21785
 21657
  7056
 13365
 23004
  4286
  7074
 21160
 24583
 10598
  1106
  1705
   739
 23773
 20600
  1588
 15212
 22082
 16157
  5861
 11562
  5644
 24382
 13959
  1195
  9628
 21346
   494
 18446
   770
 20866
  2217
   919
 17186
  3312
 12021
 18821
   510
  1900
  3034
 13740
  1692
  1326
   754
  4071
 25734
 17536
 23327
  1825
 23069
  2727
 25573
 14516
   543
 20612
 14743
  7306
 16154
  1376
  7084
 19549
 21717
 22891
  6130
 25769
   529
   527
  3555
  9482
 25775
  1490
  1327
 24954
  4916
 10168
   435
  2564
 23664
   494
  9377
 21512
 21472
 16878
 21876
 18029
 24902
 25226
 16752
 15520
 13425
   530
 21005
 11964
  2027
  2599
 25725
  1588
  2862
 13219
 11193
 22666
 11740
 13140
  2047
   500
 25441
 25720
 24047
 23074
  9909
   420
  8044
   436
  8473
 18754
 19872
  6546
 20795
   563
  2797
 11023
 22824
 11645
   405
 25569
  5035
  3279
  3602
  3915
 25372
 22227
 10453
  4085
 20753
 21333
 14139
 20522
 20748
  1515
 24064
  3686
 15651
 23940
 23665
 24024
 25111
 19321
 24251
 15345
 17273
  8575
 20138
 10581
 14103
  1462
 13277
  1407
 17579
 23045
   501
 10056
  5211
 23658
 17145
 23724
 17039
 10687
 16310
 22381
  9091
 16156
   851
 18235
 17671
  2343
 15552
   789
 16316
 23768
 25656
 24401
  4014
   331
  7509
 24122
 10089
 12885
 24737
  8635
  9629
 20900
  7541
 21886
  8902
 20937
 13035
  4501
 16382
 19655
   673
 20092
 21895
 25561
 23942
 20468
 25207
  7528
  1646
   734
  2448
 24411
 23955
   305
 18772
 16025
   984
 24571
 21241
  1484
  5718
  5253
 15646
   722
 12388
 14434
 24736
  4201
  6446
 19319
 25278
  3248
  2886
 23752
 22272
  5792
  3999
 14102
 17244
  6302
 10008
   546
  3903
 13324
 25418
 25618
 12354
 10915
  1198
 25161
 12462
 19527
 19584
   631
 25539
 19488
 14259
 19732
 23204
 12733
  6974
 15995
 22391
 22367
 25018
 16050
   482
 18042
   564
  1031
 20385
 24332
 25177
  1060
 20019
 25368
 19180
  4516
 17748
   282
   267
 25422
 11234
 13310
  5634
 18706
  2952
 13467
  5148
 17083
 14170
 25272
 25001
 19536
  4825
   301
 25571
 17332
   318
  8008
  1415
  5991
 21247
 23110
 22327
  6833
  3723
 23958
 24797
 20332
 17224
   367
 24369
 11908
   701
 25190
   486
 21445
 18773
  4455
 25278
 20699
  9753
   872
  3240
  9959
 20058
 23730
  7200
 22927
 25186
 18295
  3181
 17410
  1988
 25328
 11620
 14750
 24512
  3562
  2612
  9383
  4756
 11520
 24313
 22355
  5008
 14717
 20020
 11413
 16851
  3728
  3265
  2107
 12938
   828
  3585
 16472
 24772
 24206
 24507
  3223
 22661
 22834
 13270
  1766
 13366
 15288
 20284
  4849
  5432
 17011
 12047
 22077
 14639
 11838
 24828
 18257
  5835
 23933
 24766
  5945
  1041
  6913
  3661
 21521
  1642
 19574
 19656
  4995
 19715
  4415
  7410
 13723
  7829
 17129
  2172
 24022
 22941
  2754
 17534
 20021
 12386
  2295
  8727
 21915
  3618
 17794
  1566
 19605
 22069
  1711
 24009
  8027
  1612
 14459
  8230
 15137
 23641
 14713
 20357
 22905
 23725
 14111
 15065
  4986
 17243
 22015
 21372
 15440
  6725
  8990
  6257
 19833
  2309
  5908
  2851
  2115
  3091
  5958
  2284
 23501
 17037
  2257
  3568
  6950
 23386
 20836
  8277
 22773
 11057
 23205
 20743
 23213
 16326
 19435
  9464
 22240
  4365
  7363
  9410
 21415
 17142
 20924
  8193
 20192
  3761
  3744
 17061
 12514
 12674
 19333
 19033
 21047
  3855
 18224
 22585
 22540
 22278
 16093
  3923
  6112
  9469
 17763
 20334
  3591
 20839
 21780
 13620
  4225
 14627
  6541
 17155
 15434
  6224
 20894
 17039
 20506
  4552
  9947
  8852
 16822
  5903
  5475
 19329
  4059
 14820
  4266
 17967
  5084
 13000
 10703
  4944
 21033
 11788
  6757
  4683
 17107
 18694
 21312
 10401
 16069
  5607
 17022
 18669
 21041
 10961
 21035
 21001
  9688
 10022
 16042
 13294
 19091
 15922
 20463
 10438
 19096
 14570
 13508
 10526
 19963
 12769
  5597
 19991
  5315
 14906
 12550
 14489
  5905
 20044
 14612
  8851
  6779
  5691
  6159
  6054
 17516
  7169
  7022
 18442
 16549
 10143
 19616
 19761
 14913
 16443
  8077
 16337
 12285
 19102
 19561
 13810
 19465
 17807
 19501
 11064
 19414
 12068
 17836
 19265
  6403
 12873
 15826
 17442
 19172
 19137
  6701
 18314
  6675
  8103
 18819
 11607
 14676
 14955
 10960
 18141
 13302
 17586
 17615
 16783
 12512
 16179
 17057
 10899
 18514
 17309
 11182
  7710
 10496
 12595
 18250
 17794
 16469
 17954
  7956
 18131
 14137
 17246
  9629
 10742
 14744
  7776
  7823
  8795
 17598
  8712
  8645
 14034
  8833
  8028
  9107
  8119
  8805
  8565
  8920
  9468
 16722
 13700
 15708
 12914
 16719
 14522
 12160
 15850
 13062
 15588
 13432
 16960
 15587
 14969
 15217
  9709
 10231
  8952
  9155
  9394
 13628
 16821
 10017
 16535
  9053
 10640
 16105
 14271
 10492
 12874
 10571
 15897
 16477
 16435
  9402
 16075
  9917
 11103
 14116
 14588
 11013
 10049
 12430
 12454
 10469
 13215
 16043
 16050
 13831
 15927
 11638
 15953
 14313
 10899
 14767
 11613
  9997
 10436
 13946
 10090
 15299
 10094
 11861
 11936
 15581
 10281
 10318
 10258
 14474
 10315
 11945
 12817
 14296
 15062
 13488
 14760
 15277
 15223
 12197
 14933
 12342
 15103
 14053
 13466
 10715
 13649
 10778
 12824
 11494
 14867
 14894
 12320
 14396
 13942
 14764
 14727
 11981
 11095
 11163
 11580
 13578
 14264
 11204
 11202
 12022
 11230
 11248
 11597
 12453
 11596
 11776
 12834
 11834
 12959
 12958
 14362
 14152
 12575
 13352
 14239
 14027
 14136
 12466
 11630
 11898
 11817
 12611
 11736
 12043
 12437
 14003
 12189
 13779
 11814
 12225
 12003
 12422
 11974
 13855
 11973
 12558
 12492
 12434
 12047
 13815
 13125
 13802
 12073
 12094
 13590
 13743
 12383
 12453
 12863
 12603
 12527
 12547
 12237
 12266
 12737
 13434
 12977
 13405
 13439
 13442
 12436
 13085
 13248
 13487
 13430
 12535
 12449
 13423
 13010
 12523
 13343
 12826
 13007
 13285
 13235
 12581
 13319
 12776
 13309
 13019
 12841
 12751
 13223
 12659
 12833
 13232
 12966
 12817
 13141
 13196
 12822
 13138
 12759
 12905
 12797
 12809
 13135
 12866
 12806
 13003
 12827
 12845
 12877
 12973
 12866
 13086
 12925
 12987
 12923
 12972
 13056
 13033
 13005
 12989
 13033
 13036
 12950
 13032
 12977
 13002
 13000
 12936
 12951
 12999
 12991
 12951
 12992
 12965
 12994
 12967
 12973
 12973
 12976
 12989
 12981
 12990
 12982
 12988
 12988
 12987
 12987
 12988
 12989
 12988
 12986
 12983
 12978
 12971
 12963
 12953
 12942
 12929
 12914
 12898
 12881
 12862
 12841
 12818
 12795
 12769
 12742
 12714
 12684
 12652
 12619
 12585
 12549
 12511
 12472
 12432
 12390
 12346
 12302
 12255
 12208
 12159
 12108
 12057
 12004
 11949
 11893
 11836
 11778
 11718
 11657
 11595
 11531
 11466
 11400
 11333
 11265
 11195
 11124
 11053
 10980
 10906
 10830
 10754
 10677
 10599
 10519
 10439
 10358
 10276
 10193
 10108
 10024
  9938
  9851
  9764
  9676
  9586
  9497
  9406
  9315
  9223
  9130
  9037
  8943
  8849
  8754
  8658
  8562
  8465
  8368
  8271
  8173
  8074
  7975
  7876
  7777
  7677
  7577
  7476
  7376
  7275
  7174
  7073
  6971
  6870
  6768
  6667
  6565
  6463
  6362
  6260
  6158
  6057
  5955
  5854
  5753
  5652
  5551
  5451
  5351
  5251
  5151
  5052
  4953
  4854
  4756
  4658
  4561
  4464
  4368
  4272
  4177
  4082
  3988
  3894
  3801
  3709
  3618
  3527
  3437
  3347
  3259
  3171
  3084
  2998
  2912
  2828
  2745
  2662
  2580
  2500
  2420
  2341
  2264
  2187
  2111
  2037
  1963
  1891
  1820
  1750
  1681
  1613
  1547
  1482
  1417
  1355
  1293
  1233
  1174
  1116
  1060
  1005
   951
   899
   848
   798
   750
   703
   658
   614
   572
   531
   491
   453
   416
   381
   348
   316
   285
   256
   228
   202
   178
   155
   134
   114
    96
    79
    64
    50
    38
    28
    19
    12
     7
     3
     0
     0
