# % chirp data file 
# % sample rate                 = 1.000000e+02 
# % static offset               = 0.000000e+00 
# % starting amplitude          = 2.621400e+04 
# % stopping amplitude          = 6.553500e+03 
# % starting frequency          = 2.000000e+00 
# % stopping frequency          = 8.000000e+00 
# % number of cycles            = 40 
# % exponent of frequency sweep = 2.000000e+00 
# % exponent of amplitude sweep = 3.000000e+00 
# % sweep time                  = 1.000000e+01 
# % total time                  = 1.275000e+01 
 32767
 32767
 32767
 32767
 32767
 32767
 32767
 32767
 32767
 32767
 32767
 32767
 32767
 32767
 32767
 32767
 32767
 32767
 32767
 32767
 32767
 32767
 32767
 32767
 32767
 32767
 32767
 32767
 32767
 32767
 32767
 32767
 32767
 32767
 32767
 32767
 32767
 32767
 32767
 32767
 32767
 32767
 32767
 32767
 32767
 32767
 32767
 32767
 32767
 32767
 32767
 32767
 32767
 32767
 32767
 32767
 32767
 32767
 32767
 32767
 32767
 32767
 32767
 32767
 32767
 32767
 32767
 32767
 32767
 32767
 32767
 32767
 32767
 32767
 32767
 32767
 32767
 32767
 32767
 32767
 32767
 32767
 32767
 32767
 32767
 32767
 32767
 32767
 32767
 32767
 32767
 32767
 32767
 32767
 32767
 32767
 32767
 32767
 32767
 32767
 32793
 32867
 32983
 33128
 33286
 33438
 33562
 33636
 33636
 33541
 33331
 32990
 32507
 31877
 31097
 30177
 29127
 27970
 26730
 25440
 24138
 22864
 21663
 20580
 19660
 18947
 18481
 18297
 18425
 18886
 19695
 20855
 22361
 24196
 26336
 28745
 31381
 34190
 37115
 40094
 43060
 45944
 48681
 51205
 53456
 55378
 56924
 58057
 58749
 58981
 58774
 58157
 57140
 55738
 53974
 51876
 49476
 46812
 43926
 40864
 37675
 34407
 31114
 27846
 24656
 21593
 18707
 16043
 13643
 11544
  9781
  8381
  7367
  6755
  6554
  6768
  7393
  8421
  9835
 11613
 13726
 16142
 18822
 21724
 24801
 28006
 31288
 34593
 37870
 41067
 44132
 47017
 49676
 52065
 54147
 55888
 57260
 58242
 58816
 58973
 58711
 58033
 56950
 55479
 53643
 51471
 48998
 46263
 43310
 40186
 36941
 33629
 30301
 27012
 23814
 20761
 17901
 15280
 12943
 10926
  9263
  7981
  7102
  6641
  6605
  6996
  7808
  9028
 10637
 12608
 14911
 17508
 20356
 23409
 26618
 29929
 33289
 36641
 39931
 43104
 46107
 48891
 51409
 53618
 55481
 56968
 58052
 58715
 58946
 58738
 58096
 57029
 55555
 53698
 51487
 48960
 46159
 43130
 39925
 36597
 33202
 29798
 26443
 23193
 20105
 17231
 14620
 12318
 10365
  8795
  7636
  6908
  6625
  6792
  7407
  8462
  9938
 11810
 14048
 16612
 19459
 22540
 25802
 29187
 32637
 36091
 39490
 42772
 45879
 48757
 51354
 53624
 55525
 57023
 58090
 58706
 58859
 58546
 57771
 56547
 54894
 52842
 50427
 47691
 44683
 41457
 38071
 34586
 31066
 27574
 24175
 20932
 17903
 15145
 12711
 10644
  8986
  7766
  7010
  6732
  6939
  7629
  8788
 10398
 12428
 14843
 17597
 20639
 23913
 27356
 30905
 34492
 38049
 41507
 44801
 47866
 50643
 53078
 55122
 56736
 57887
 58551
 58714
 58371
 57527
 56199
 54409
 52193
 49593
 46658
 43447
 40021
 36449
 32801
 29149
 25567
 22127
 18898
 15946
 13331
 11107
  9320
  8009
  7200
  6912
  7153
  7919
  9196
 10960
 13174
 15796
 18771
 22039
 25534
 29181
 32907
 36632
 40279
 43770
 47032
 49994
 52592
 54771
 56482
 57687
 58359
 58482
 58051
 57074
 55571
 53572
 51119
 48264
 45068
 41601
 37937
 34156
 30342
 26579
 22950
 19537
 16417
 13659
 11328
  9477
  8148
  7375
  7176
  7557
  8513
 10022
 12053
 14560
 17488
 20770
 24331
 28091
 31962
 35854
 39677
 43341
 46759
 49851
 52541
 54765
 56469
 57610
 58158
 58100
 57434
 56174
 54349
 52000
 49183
 45966
 42424
 38643
 34716
 30738
 26807
 23022
 19475
 16256
 13447
 11119
  9332
  8133
  7555
  7613
  8309
  9628
 11537
 13991
 16928
 20274
 23944
 27845
 31876
 35932
 39909
 43701
 47209
 50339
 53008
 55142
 56683
 57589
 57833
 57406
 56317
 54592
 52278
 49433
 46134
 42468
 38535
 34442
 30300
 26225
 22327
 18717
 15496
 12755
 10572
  9012
  8119
  7922
  8429
  9628
 11486
 13954
 16963
 20428
 24251
 28321
 32524
 36735
 40833
 44696
 48211
 51273
 53789
 55683
 56897
 57391
 57149
 56175
 54495
 52159
 49233
 45806
 41981
 37871
 33603
 29308
 25117
 21161
 17565
 14440
 11887
  9987
  8803
  8375
  8718
  9825
 11664
 14177
 17287
 20896
 24889
 29139
 33508
 37854
 42036
 45916
 49364
 52267
 54525
 56062
 56823
 56782
 55935
 54309
 51956
 48954
 45401
 41416
 37135
 32703
 28272
 23995
 20020
 16487
 13520
 11225
  9684
  8956
  9067
 10017
 11776
 14283
 17451
 21170
 25306
 29713
 34231
 38697
 42947
 46826
 50189
 52911
 54890
 56049
 56343
 55757
 54310
 52055
 49072
 45472
 41391
 36980
 32409
 27851
 23481
 19469
 15971
 13125
 11044
  9812
  9479
 10062
 11542
 13862
 16933
 20636
 24823
 29330
 33974
 38570
 42931
 46878
 50249
 52905
 54732
 55655
 55631
 54658
 52773
 50053
 46609
 42583
 38143
 33476
 28780
 24254
 20092
 16475
 13561
 11476
 10315
 10130
 10934
 12693
 15335
 18744
 22773
 27245
 31961
 36713
 41287
 45476
 49090
 51964
 53965
 54998
 55014
 54008
 52024
 49150
 45517
 41291
 36669
 31866
 27106
 22615
 18607
 15272
 12773
 11231
 10724
 11278
 12870
 15427
 18826
 22905
 27464
 32283
 37123
 41745
 45919
 49437
 52118
 53828
 54476
 54027
 52501
 49971
 46565
 42454
 37848
 32982
 28107
 23478
 19335
 15896
 13345
 11818
 11398
 12111
 13923
 16738
 20411
 24745
 29508
 34445
 39287
 43770
 47649
 50709
 52779
 53742
 53542
 52187
 49749
 46362
 42214
 37536
 32592
 27663
 23027
 18953
 15674
 13382
 12211
 12233
 13448
 15791
 19125
 23258
 27947
 32918
 37875
 42523
 46584
 49812
 52011
 53045
 52850
 51433
 48879
 45340
 41033
 36220
 31199
 26280
 21771
 17954
 15070
 13303
 12767
 13500
 15457
 18517
 22485
 27110
 32095
 37116
 41850
 45986
 49254
 51435
 52386
 52039
 50416
 47621
 43837
 39318
 34364
 29309
 24494
 20247
 16859
 14562
 13518
 13800
 15391
 18185
 21989
 26539
 31520
 36581
 41366
 45536
 48793
 50904
 51716
 51167
 49295
 46231
 42197
 37483
 32432
 27414
 22796
 18921
 16076
 14474
 14238
 15386
 17837
 21407
 25829
 30769
 35853
 40693
 44919
 48204
 50293
 51024
 50336
 48282
 45018
 40800
 35958
 30872
 25945
 21569
 18095
 15800
 14873
 15389
 17309
 20479
 24644
 29465
 34547
 39473
 43836
 47274
 49500
 50327
 49683
 47621
 44311
 40033
 35147
 30069
 25231
 21049
 17882
 16006
 15584
 16656
 19129
 22789
 27317
 32315
 37341
 41952
 45736
 48355
 49572
 49277
 47494
 44383
 40226
 35398
 30341
 25518
 21373
 18289
 16553
 16327
 17635
 20356
 24235
 28908
 33934
 38838
 43153
 46466
 48458
 48938
 47857
 45318
 41568
 36970
 31972
 27065
 22731
 19400
 17401
 16934
 18048
 20631
 24426
 29051
 34040
 38886
 43097
 46242
 47998
 48184
 46780
 43930
 39928
 35192
 30216
 25521
 21601
 18871
 17620
 17983
 19921
 23227
 27548
 32418
 37312
 41700
 45102
 47149
 47615
 46448
 43777
 39896
 35236
 30315
 25683
 21859
 19273
 18217
 18811
 20988
 24501
 28947
 33818
 38552
 42604
 45503
 46913
 46669
 44800
 41524
 37227
 32418
 27666
 23535
 20521
 18982
 19103
 20871
 24072
 28315
 33087
 37803
 41887
 44835
 46286
 46059
 44183
 40892
 36598
 31839
 27212
 23303
 20606
 19462
 20018
 22201
 25731
 30153
 34897
 39348
 42927
 45170
 45782
 44684
 42023
 38149
 33576
 28913
 24782
 21734
 20178
 20324
 22149
 25406
 29651
 34305
 38731
 42320
 44580
 45199
 44092
 41416
 37543
 33017
 28474
 24554
 21810
 20631
 21183
 23385
 26921
 31282
 35839
 39934
 42972
 44513
 44334
 42463
 39175
 34957
 30433
 26275
 23100
 21380
 21373
 23077
 26233
 30363
 34840
 38982
 42157
 43881
 43891
 42187
 39035
 34925
 30498
 26445
 23399
 21838
 22005
 23872
 27141
 31289
 35654
 39537
 42315
 43543
 43025
 40846
 37365
 33150
 28892
 25290
 22936
 22217
 23249
 25857
 29605
 33863
 37917
 41085
 42833
 42869
 41188
 38080
 34080
 29874
 26187
 23653
 22709
 23517
 25931
 29527
 33673
 37639
 40725
 42388
 42336
 40580
 37439
 33477
 29408
 25965
 23770
 23218
 24405
 27113
 30840
 34902
 38549
 41109
 42109
 41368
 39027
 35527
 31529
 27786
 25003
 23705
 24135
 26207
 29522
 33440
 37207
 40097
 41553
 41296
 39381
 36185
 32338
 28597
 25698
 24213
 24432
 26307
 29460
 33256
 36932
 39749
 41140
 40827
 38879
 35698
 31936
 28366
 25722
 24547
 25079
 27202
 30471
 34200
 37606
 39976
 40813
 39946
 37562
 34174
 30506
 27345
 25365
 24990
 26295
 28992
 32492
 36031
 38834
 40292
 40087
 38271
 35250
 31698
 28406
 26107
 25312
 26195
 28550
 31842
 35323
 38200
 39822
 39823
 38207
 35353
 31921
 28707
 26455
 25686
 26572
 28900
 32121
 35472
 38162
 39558
 39333
 37547
 34632
 31290
 28325
 26450
 26114
 27392
 29966
 33206
 36316
 38535
 39321
 38509
 36276
 33178
 29984
 27486
 26302
 26721
 28632
 31555
 34760
 37454
 38971
 38947
 37398
 34721
 31588
 28777
 26980
 26629
 27793
 30167
 33148
 35993
 38003
 38695
 37918
 35889
 33130
 30331
 28184
 27203
 27607
 29268
 31750
 34425
 36631
 37838
 37774
 36486
 34322
 31837
 29649
 28286
 28058
 28987
 30810
 33051
 35148
 36594
 37056
 36457
 34981
 33021
 31076
 29619
 28987
 29301
 30443
 32099
 33843
 35246
 35981
 35901
 35066
 33716
 32207
 30914
 30140
 30045
 30613
 31668
 32924
 34065
 34820
 35031
 34683
 33897
 32895
 31934
 31245
 30974
 31154
 31707
 32469
 33237
 33825
 34108
 34043
 33680
 33134
 32556
 32089
 31834
 31829
 32049
 32413
 32816
 33156
 33359
 33393
 33274
 33052
 32798
 32577
 32439
 32403
 32461
 32579
 32718
 32838
 32913
 32935
 32910
 32858
 32799
 32751
 32725
 32720
 32730
 32746
 32760
 32768
 32769
 32768
 32767
