# % chirp data file 
# % sample rate                 = 2.000000e+02 
# % static offset               = 1.474515e+04 
# % starting amplitude          = 1.376214e+04 
# % stopping amplitude          = 1.376214e+04 
# % starting frequency          = 5.000000e-01 
# % stopping frequency          = 2.000000e+01 
# % number of cycles            = 307.500000 
# % exponent of frequency sweep = 1.000000e+00 
# % exponent of amplitude sweep = 1.000000e+00 
# % sweep time                  = 3.000000e+01 
# % total time                  = 3.200000e+01 
        0
        0
        0
        0
        0
        0
        0
        0
        0
        0
        0
        0
        0
        0
        0
        0
        0
        0
        0
        0
        0
        0
        0
        0
        0
        0
        0
        0
        0
        0
        0
        0
        0
        0
        0
        0
        0
        0
        0
        0
        0
        0
        0
        0
        0
        0
        0
        0
        0
        0
        0
        0
        0
        0
        0
        0
        0
        0
        0
        0
        0
        0
        0
        0
        0
        0
        0
        0
        0
        0
        0
        0
        0
        0
        0
        0
        0
        0
        0
        0
        0
        0
        0
        0
        0
        0
        0
        0
        0
        0
        0
        0
        0
        0
        0
        0
        0
        0
        0
        0
        0
        0
        0
        0
        0
        0
        0
        0
        0
        0
        0
        0
        0
        0
        0
        0
        0
        0
        0
        0
        0
        0
        0
        0
        0
        0
        0
        0
        0
        0
        0
        0
        0
        0
        0
        0
        0
        0
        0
        0
        0
        0
        0
        0
        0
        0
        0
        0
        0
        0
        0
        0
        0
        0
        0
        0
        0
        0
        0
        0
        0
        0
        0
        0
        0
        0
        0
        0
        0
        0
        0
        0
        0
        0
        0
        0
        0
        0
        0
        0
        0
        0
        0
        0
        0
        0
        0
        0
        0
        0
        0
        0
        0
        0
        0
        0
        0
        0
        0
        0
        0
        0
        1
        3
        4
        6
        9
       12
       15
       19
       23
       27
       32
       37
       43
       48
       55
       61
       68
       75
       83
       91
       99
      107
      116
      125
      134
      144
      153
      163
      174
      184
      195
      206
      217
      228
      239
      250
      262
      274
      286
      297
      309
      321
      333
      345
      357
      369
      381
      393
      404
      416
      428
      439
      450
      461
      472
      483
      493
      504
      513
      523
      532
      541
      550
      558
      566
      574
      581
      587
      594
      599
      605
      610
      614
      618
      621
      624
      626
      627
      628
      629
      629
      628
      627
      625
      622
      619
      615
      611
      606
      600
      594
      587
      580
      572
      564
      555
      545
      535
      524
      513
      502
      490
      478
      465
      452
      439
      425
      411
      397
      383
      368
      354
      339
      324
      310
      296
      281
      267
      253
      240
      227
      214
      202
      191
      180
      169
      160
      151
      144
      137
      131
      127
      124
      122
      121
      122
      124
      128
      134
      141
      151
      162
      175
      191
      208
      228
      250
      274
      301
      330
      362
      397
      434
      475
      518
      564
      612
      664
      719
      778
      839
      903
      971
     1042
     1116
     1194
     1275
     1359
     1446
     1537
     1631
     1729
     1830
     1934
     2041
     2152
     2265
     2382
     2502
     2625
     2750
     2879
     3010
     3144
     3281
     3420
     3561
     3705
     3851
     3998
     4148
     4299
     4452
     4606
     4761
     4917
     5074
     5232
     5390
     5548
     5707
     5865
     6022
     6179
     6336
     6491
     6644
     6796
     6947
     7095
     7241
     7384
     7524
     7662
     7796
     7926
     8052
     8175
     8293
     8406
     8514
     8618
     8716
     8808
     8894
     8975
     9049
     9116
     9177
     9231
     9278
     9318
     9350
     9374
     9391
     9400
     9401
     9394
     9379
     9355
     9323
     9283
     9234
     9177
     9111
     9037
     8954
     8864
     8765
     8658
     8543
     8420
     8289
     8151
     8005
     7853
     7693
     7527
     7354
     7176
     6992
     6802
     6607
     6408
     6205
     5997
     5787
     5573
     5357
     5139
     4920
     4700
     4479
     4258
     4039
     3820
     3603
     3389
     3178
     2970
     2767
     2569
     2376
     2189
     2008
     1835
     1670
     1514
     1366
     1228
     1101
      984
      878
      784
      703
      634
      579
      537
      510
      497
      499
      516
      549
      598
      663
      744
      841
      955
     1086
     1233
     1397
     1577
     1774
     1988
     2218
     2464
     2725
     3002
     3295
     3601
     3923
     4257
     4605
     4966
     5339
     5723
     6117
     6521
     6935
     7356
     7785
     8220
     8660
     9105
     9553
    10004
    10456
    10908
    11359
    11808
    12254
    12695
    13131
    13560
    13982
    14394
    14796
    15187
    15565
    15929
    16279
    16613
    16930
    17229
    17509
    17769
    18008
    18226
    18422
    18594
    18742
    18865
    18964
    19037
    19083
    19103
    19097
    19063
    19002
    18914
    18799
    18657
    18488
    18293
    18071
    17823
    17550
    17253
    16932
    16588
    16221
    15834
    15426
    15000
    14556
    14095
    13620
    13130
    12629
    12117
    11597
    11069
    10536
     9999
     9461
     8922
     8386
     7853
     7326
     6807
     6297
     5799
     5314
     4845
     4392
     3959
     3547
     3157
     2792
     2452
     2140
     1857
     1604
     1383
     1195
     1041
      922
      839
      792
      783
      812
      880
      986
     1130
     1313
     1535
     1796
     2094
     2429
     2800
     3208
     3650
     4125
     4632
     5170
     5737
     6331
     6951
     7594
     8258
     8942
     9642
    10357
    11084
    11820
    12563
    13309
    14058
    14804
    15546
    16281
    17006
    17718
    18415
    19093
    19749
    20382
    20988
    21565
    22110
    22622
    23097
    23533
    23929
    24283
    24593
    24857
    25074
    25244
    25364
    25433
    25453
    25421
    25338
    25204
    25019
    24784
    24499
    24165
    23783
    23355
    22882
    22366
    21809
    21213
    20581
    19915
    19217
    18491
    17741
    16968
    16176
    15370
    14552
    13726
    12896
    12066
    11239
    10419
     9611
     8818
     8043
     7292
     6566
     5871
     5209
     4584
     3999
     3458
     2962
     2516
     2121
     1779
     1494
     1266
     1097
      988
      941
      957
     1034
     1175
     1378
     1643
     1969
     2355
     2800
     3302
     3858
     4467
     5126
     5832
     6582
     7373
     8200
     9060
     9949
    10863
    11797
    12747
    13708
    14674
    15643
    16607
    17564
    18506
    19431
    20332
    21205
    22046
    22850
    23612
    24328
    24995
    25608
    26165
    26661
    27094
    27461
    27760
    27990
    28148
    28233
    28245
    28183
    28047
    27837
    27555
    27202
    26779
    26288
    25731
    25112
    24434
    23700
    22914
    22080
    21203
    20288
    19339
    18361
    17362
    16344
    15316
    14282
    13249
    12222
    11208
    10212
     9240
     8299
     7393
     6528
     5710
     4944
     4233
     3584
     2999
     2482
     2038
     1669
     1377
     1164
     1032
      983
     1016
     1133
     1331
     1612
     1972
     2411
     2927
     3515
     4173
     4897
     5682
     6525
     7420
     8362
     9345
    10363
    11410
    12479
    13564
    14658
    15753
    16844
    17922
    18982
    20016
    21017
    21979
    22896
    23761
    24569
    25314
    25991
    26595
    27122
    27569
    27932
    28208
    28395
    28492
    28498
    28412
    28234
    27966
    27609
    27164
    26635
    26025
    25338
    24578
    23749
    22858
    21911
    20913
    19871
    18793
    17685
    16555
    15412
    14262
    13115
    11977
    10858
     9764
     8705
     7687
     6717
     5804
     4953
     4171
     3464
     2837
     2295
     1842
     1482
     1217
     1051
      984
     1017
     1151
     1385
     1717
     2146
     2668
     3281
     3979
     4758
     5613
     6536
     7523
     8565
     9654
    10783
    11944
    13127
    14324
    15525
    16722
    17905
    19065
    20194
    21281
    22320
    23301
    24217
    25060
    25823
    26501
    27088
    27578
    27968
    28254
    28434
    28505
    28468
    28321
    28065
    27703
    27236
    26669
    26005
    25249
    24407
    23486
    22494
    21436
    20324
    19164
    17966
    16741
    15498
    14248
    13000
    11765
    10554
     9376
     8241
     7160
     6141
     5194
     4325
     3544
     2857
     2269
     1787
     1415
     1156
     1013
      987
     1080
     1290
     1617
     2058
     2609
     3266
     4024
     4876
     5815
     6833
     7923
     9073
    10274
    11517
    12789
    14080
    15379
    16673
    17951
    19202
    20414
    21577
    22679
    23711
    24663
    25525
    26291
    26953
    27503
    27938
    28252
    28442
    28507
    28444
    28255
    27941
    27503
    26947
    26276
    25496
    24615
    23641
    22582
    21448
    20249
    18997
    17704
    16381
    15041
    13697
    12361
    11047
     9767
     8534
     7359
     6254
     5231
     4298
     3467
     2744
     2138
     1654
     1298
     1074
      984
     1030
     1212
     1527
     1974
     2549
     3246
     4058
     4978
     5997
     7105
     8291
     9543
    10849
    12195
    13569
    14957
    16343
    17715
    19058
    20357
    21601
    22775
    23867
    24867
    25762
    26544
    27204
    27735
    28131
    28387
    28501
    28470
    28295
    27977
    27518
    26924
    26200
    25354
    24394
    23330
    22173
    20936
    19631
    18272
    16874
    15451
    14019
    12594
    11191
     9825
     8511
     7264
     6098
     5026
     4059
     3209
     2485
     1896
     1449
     1149
     1000
     1004
     1161
     1470
     1928
     2530
     3270
     4141
     5131
     6232
     7430
     8712
    10064
    11471
    12916
    14384
    15857
    17319
    18753
    20141
    21469
    22720
    23880
    24935
    25872
    26681
    27351
    27873
    28243
    28454
    28504
    28392
    28118
    27686
    27100
    26367
    25494
    24493
    23374
    22151
    20838
    19450
    18005
    16519
    15010
    13497
    11997
    10529
     9111
     7761
     6495
     5328
     4276
     3351
     2566
     1931
     1453
     1139
      993
     1018
     1214
     1579
     2109
     2797
     3635
     4614
     5721
     6943
     8264
     9669
    11139
    12657
    14202
    15755
    17297
    18808
    20268
    21659
    22961
    24160
    25238
    26181
    26977
    27614
    28086
    28384
    28504
    28445
    28206
    27791
    27204
    26452
    25546
    24496
    23316
    22022
    20629
    19157
    17626
    16054
    14464
    12875
    11311
     9791
     8337
     6968
     5703
     4559
     3552
     2696
     2003
     1484
     1145
      992
     1027
     1250
     1660
     2249
     3012
     3937
     5013
     6225
     7556
     8989
    10503
    12077
    13690
    15319
    16942
    18535
    20076
    21543
    22915
    24173
    25298
    26274
    27087
    27725
    28178
    28439
    28504
    28372
    28043
    27523
    26818
    25938
    24895
    23704
    22382
    20948
    19422
    17826
    16184
    14520
    12857
    11221
     9636
     8124
     6709
     5412
     4252
     3247
     2411
     1759
     1300
     1042
      988
     1141
     1498
     2055
     2804
     3733
     4830
     6078
     7458
     8950
    10531
    12178
    13866
    15569
    17260
    18914
    20505
    22009
    23402
    24662
    25770
    26708
    27462
    28017
    28367
    28505
    28427
    28136
    27634
    26929
    26032
    24957
    23720
    22339
    20838
    19238
    17567
    15848
    14111
    12382
    10690
     9062
     7523
     6099
     4813
     3686
     2736
     1980
     1430
     1096
      983
     1093
     1426
     1977
     2737
     3694
     4834
     6136
     7582
     9147
    10805
    12530
    14292
    16064
    17815
    19517
    21140
    22658
    24045
    25277
    26333
    27196
    27850
    28284
    28489
    28463
    28204
    27717
    27010
    26093
    24982
    23696
    22256
    20686
    19013
    17265
    15473
    13667
    11878
    10137
     8475
     6920
     5500
     4239
     3160
     2282
     1621
     1189
      994
     1040
     1327
     1850
     2601
     3567
     4731
     6073
     7570
     9196
    10921
    12716
    14548
    16386
    18195
    19944
    21601
    23136
    24521
    25730
    26743
    27539
    28104
    28427
    28502
    28326
    27903
    27240
    26347
    25242
    23943
    22475
    20863
    19137
    17329
    15472
    13600
    11748
     9950
     8240
     6650
     5209
     3945
     2883
     2041
     1437
     1082
      984
     1146
     1563
     2230
     3134
     4259
     5584
     7083
     8730
    10492
    12337
    14229
    16132
    18010
    19827
    21548
    23138
    24568
    25810
    26838
    27633
    28179
    28463
    28482
    28233
    27720
    26953
    25948
    24721
    23299
    21707
    19977
    18142
    16239
    14306
    12379
    10498
     8700
     7021
     5495
     4151
     3019
     2120
     1473
     1092
      984
     1154
     1597
     2306
     3266
     4459
     5862
     7445
     9178
    11026
    12951
    14913
    16874
    18792
    20629
    22346
    23909
    25283
    26442
    27360
    28019
    28403
    28504
    28320
    27853
    27114
    26116
    24880
    23431
    21800
    20020
    18127
    16163
    14167
    12182
    10249
     8411
     6705
     5168
     3833
     2730
     1881
     1306
     1017
     1022
     1320
     1906
     2768
     3888
     5242
     6803
     8535
    10403
    12367
    14383
    16408
    18399
    20311
    22104
    23737
    25175
    26385
    27341
    28022
    28411
    28500
    28286
    27773
    26972
    25900
    24580
    23041
    21316
    19444
    17467
    15427
    13370
    11343
     9391
     7557
     5884
     4409
     3165
     2182
     1482
     1081
      989
     1209
     1737
     2560
     3662
     5016
     6594
     8359
    10272
    12288
    14362
    16446
    18492
    20454
    22284
    23942
    25389
    26590
    27516
    28147
    28467
    28467
    28147
    27514
    26582
    25372
    23912
    22236
    20383
    18396
    16322
    14209
    12107
    10066
     8135
     6360
     4782
     3440
     2367
     1588
     1123
      983
     1173
     1689
     2518
     3641
     5033
     6659
     8482
    10458
    12538
    14673
    16811
    18901
    20891
    22732
    24380
    25793
    26937
    27784
    28311
    28506
    28362
    27884
    27081
    25973
    24587
    22957
    21122
    19128
    17024
    14862
    12695
    10578
     8564
     6703
     5042
     3623
     2483
     1649
     1145
      983
     1168
     1695
     2554
     3721
     5169
     6860
     8753
    10800
    12949
    15144
    17331
    19453
    21456
    23288
    24902
    26256
    27314
    28049
    28441
    28479
    28162
    27498
    26502
    25200
    23625
    21818
    19826
    17700
    15495
    13269
    11080
     8987
     7043
     5300
     3805
     2598
     1711
     1167
      983
     1163
     1703
     2590
     3801
     5305
     7061
     9023
    11139
    13353
    15606
    17837
    19987
    21996
    23812
    25384
    26670
    27635
    28251
    28501
    28379
    27886
    27035
    25849
    24360
    22607
    20638
    18507
    16271
    13992
    11732
     9554
     7518
     5679
     4090
     2794
     1828
     1219
      985
     1133
     1660
     2551
     3783
     5321
     7123
     9140
    11316
    13588
    15894
    18170
    20350
    22374
    24184
    25728
    26963
    27852
    28370
    28502
    28242
    27599
    26589
    25240
    23591
    21688
    19585
    17343
    15024
    12696
    10425
     8278
     6315
     4595
     3167
     2073
     1346
     1007
     1067
     1524
     2367
     3571
     5101
     6914
     8958
    11172
    13492
    15850
    18177
    20405
    22467
    24302
    25856
    27083
    27946
    28417
    28483
    28142
    27401
    26283
    24821
    23057
    21044
    18841
    16514
    14133
    11769
     9492
     7373
     5474
     3854
     2562
     1637
     1108
      993
     1295
     2005
     3103
     4556
     6321
     8343
    10562
    12911
    15317
    17707
    20007
    22147
    24061
    25689
    26979
    27894
    28402
    28488
    28148
    27392
    26243
    24736
    22918
    20843
    18577
    16190
    13757
    11353
     9054
     6932
     5054
     3481
     2260
     1433
     1025
     1050
     1509
     2387
     3657
     5279
     7204
     9369
    11707
    14142
    16599
    18997
    21261
    23318
    25101
    26552
    27624
    28283
    28507
    28286
    27629
    26554
    25097
    23304
    21232
    18949
    16527
    14046
    11587
     9229
     7050
     5121
     3506
     2258
     1419
     1017
     1066
     1566
     2499
     3837
     5536
     7540
     9784
    12193
    14688
    17187
    19605
    21864
    23886
    25605
    26962
    27911
    28420
    28472
    28063
    27207
    25931
    24279
    22304
    20073
    17662
    15150
    12623
    10167
     7864
     5794
     4027
     2624
     1632
     1087
     1009
     1399
     2246
     3522
     5183
     7173
     9424
    11860
    14397
    16946
    19421
    21736
    23810
    25572
    26959
    27923
    28430
    28461
    28015
    27106
    25765
    24039
    21986
    19679
    17198
    14630
    12064
     9591
     7298
     5266
     3567
     2263
     1398
     1006
     1100
     1677
     2720
     4189
     6036
     8193
    10585
    13127
    15728
    18295
    20737
    22965
    24899
    26469
    27619
    28306
    28504
    28206
    27422
    26179
    24522
    22509
    20214
    17719
    15114
    12495
     9956
     7591
     5485
     3717
     2351
     1438
     1013
     1091
     1671
     2732
     4236
     6127
     8338
    10786
    13383
    16031
    18632
    21091
    23316
    25222
    26741
    27813
    28399
    28475
    28038
    27104
    25707
    23898
    21745
    19328
    16737
    14069
    11426
     8907
     6607
     4613
     3001
     1834
     1155
      992
     1351
     2220
     3566
     5339
     7471
     9882
    12481
    15168
    17839
    20394
    22733
    24766
    26414
    27614
    28319
    28500
    28150
    27281
    25927
    24138
    21984
    19549
    16925
    14215
    11524
     8957
     6615
     4589
     2960
     1791
     1129
     1001
     1413
     2349
     3773
     5630
     7848
    10338
    13004
    15741
    18439
    20992
    23299
    25267
    26818
    27889
    28437
    28439
    27895
    26824
    25271
    23294
    20974
    18403
    15685
    12926
    10240
     7733
     5508
     3655
     2249
     1348
      988
     1186
     1935
     3203
     4942
     7080
     9532
    12198
    14968
    17731
    20373
    22786
    24871
    26541
    27728
    28382
    28475
    28002
    26983
    25458
    23490
    21159
    18561
    15804
    13002
    10271
     7725
     5469
     3598
     2191
     1307
      984
     1236
     2053
     3403
     5228
     7454
     9988
    12723
    15544
    18333
    20972
    23349
    25364
    26930
    27982
    28472
    28381
    27710
    26487
    24765
    22614
    20127
    17409
    14576
    11748
     9048
     6590
     4481
     2812
     1655
     1060
     1054
     1638
     2789
     4456
     6568
     9035
    11751
    14599
    17453
    20192
    22695
    24853
    26572
    27775
    28411
    28449
    27889
    26752
    25089
    22971
    20491
    17757
    14889
    12014
     9258
     6742
     4578
     2863
     1673
     1062
     1056
     1659
     2842
     4556
     6724
     9250
    12022
    14918
    17806
    20560
    23054
    25177
    26834
    27948
    28470
    28374
    27665
    26373
    24556
    22295
    19692
    16864
    13938
    11048
     8324
     5891
     3858
     2320
     1347
      984
     1249
     2131
     3590
     5559
     7950
    10654
    13547
    16496
    19367
    22025
    24350
    26233
    27586
    28347
    28480
    27976
    26860
    25181
    23017
    20468
    17652
    14699
    11747
     8933
     6389
     4234
     2570
     1474
     1001
     1171
     1978
     3386
     5329
     7715
    10434
    13358
    16348
    19264
    21967
    24330
    26240
    27605
    28361
    28470
    27927
    26756
    25011
    22777
    20158
    17279
    14278
    11297
     8481
     5964
     3867
     2291
     1314
      983
     1314
     2294
     3874
     5981
     8512
    11347
    14347
    17368
    20263
    22891
    25124
    26853
    27993
    28488
    28312
    27473
    26012
    23998
    21531
    18729
    15731
    12683
     9735
     7032
     4708
     2877
     1632
     1033
     1112
     1865
     3257
     5218
     7653
    10442
    13446
    16515
    19498
    22245
    24619
    26501
    27797
    28440
    28398
    27672
    26296
    24341
    21903
    19103
    16082
    12993
     9991
     7227
     4842
     2957
     1667
     1040
     1107
     1866
     3280
     5277
     7757
    10594
    13643
    16750
    19757
    22508
    24864
    26702
    27928
    28479
    28324
    27472
    25964
    23879
    21321
    18424
    15335
    12214
     9223
     6516
     4235
     2497
     1394
      984
     1290
     2296
     3950
     6168
     8835
    11811
    14942
    18064
    21014
    23636
    25793
    27371
    28286
    28489
    27969
    26752
    24901
    22513
    19714
    16651
    13486
    10386
     7515
     5028
     3054
     1702
     1043
     1113
     1909
     3391
     5479
     8064
    11007
    14151
    17329
    20369
    23108
    25400
    27119
    28174
    28506
    28096
    26965
    25174
    22819
    20026
    16946
    13745
    10597
     7673
     5131
     3112
     1725
     1046
     1114
     1925
     3437
     5568
     8202
    11195
    14384
    17594
    20649
    23381
    25639
    27299
    28267
    28491
    27956
    26690
    24765
    22284
    19384
    16226
    12985
     9839
     6965
     4523
     2649
     1447
      986
     1293
     2352
     4103
     6451
     9264
    12385
    15640
    18847
    21824
    24404
    26442
    27821
    28464
    28333
    27434
    25818
    23575
    20830
    17740
    14478
    11231
     8181
     5504
     3351
     1846
     1076
     1086
     1875
     3401
     5576
     8277
    11349
    14617
    17895
    20992
    23732
    25956
    27535
    28377
    28433
    27699
    26216
    24069
    21381
    18308
    15027
    11728
     8603
     5834
     3582
     1978
     1119
     1053
     1787
     3278
     5440
     8147
    11242
    14544
    17859
    20992
    23760
    25998
    27575
    28396
    28413
    27624
    26074
    23853
    21092
    17955
    14626
    11303
     8183
     5451
     3270
     1772
     1045
     1135
     2037
     3697
     6019
     8863
    12060
    15420
    18741
    21822
    24481
    26555
    27919
    28491
    28236
    27166
    25347
    22886
    19932
    16664
    13278
     9979
     6968
     4428
     2513
     1341
      985
     1466
     2756
     4779
     7411
    10491
    13833
    17233
    20481
    23379
    25748
    27442
    28358
    28436
    27672
    26111
    23849
    21024
    17810
    14406
    11021
     7865
     5134
     2998
     1590
      999
     1261
     2362
     4235
     6763
     9790
    13127
    16567
    19894
    22900
    25397
    27227
    28276
    28475
    27813
    26328
    24114
    21309
    18090
    14659
    11231
     8024
     5240
     3057
     1613
     1001
     1260
     2375
     4276
     6843
     9915
    13295
    16769
    20115
    23120
    25590
    27368
    28340
    28441
    27664
    26059
    23727
    20816
    17514
    14033
    10596
     7425
     4725
     2671
     1396
      983
     1461
     2798
     4911
     7662
    10875
    14339
    17832
    21125
    24004
    26280
    27805
    28478
    28255
    27147
    25229
    22623
    19499
    16063
    12539
     9158
     6143
     3693
     1970
     1088
     1106
     2024
     3782
     6266
     9313
    12719
    16262
    19704
    22820
    25400
    27273
    28313
    28450
    27675
    26037
    23644
    20657
    17273
    13719
    10232
     7046
     4375
     2399
     1251
     1009
     1691
     3252
     5587
     8541
    11914
    15480
    18998
    22229
    24955
    26990
    28196
    28491
    27852
    26323
    24006
    21057
    17678
    14098
    10560
     7307
     4560
     2509
     1294
      999
     1646
     3192
     5531
     8503
    11906
    15505
    19053
    22306
    25039
    27062
    28236
    28478
    27770
    26161
    23760
    20733
    17290
    13669
    10121
     6893
     4211
     2261
     1180
     1045
     1866
     3587
     6088
     9196
    12694
    16336
    19868
    23043
    25635
    27464
    28398
    28372
    27385
    25508
    22870
    19658
    16097
    12440
     8944
     5857
     3400
     1746
     1014
     1257
     2459
     4535
     7339
    10672
    14296
    17954
    21384
    24340
    26612
    28035
    28507
    27992
    26527
    24215
    21223
    17763
    14085
    10453
     7129
     4353
     2326
     1195
     1043
     1882
     3652
     6227
     9420
    13001
    16709
    20276
    23442
    25976
    27694
    28469
    28242
    27031
    24921
    22068
    18677
    14998
    11298
     7849
     4906
     2683
     1347
      994
     1654
     3278
     5747
     8881
    12449
    16188
    19822
    23081
    25724
    27555
    28437
    28303
    27163
    25099
    22265
    18870
    15166
    11430
     7941
     4956
     2703
     1348
      995
     1672
     3327
     5840
     9021
    12633
    16405
    20054
    23304
    25911
    27678
    28470
    28226
    26965
    24779
    21833
    18350
    14592
    10845
     7392
     4496
     2378
     1199
     1050
     1944
     3813
     6516
     9848
    13556
    17355
    20956
    24083
    26496
    28010
    28506
    27947
    26373
    23905
    20732
    17096
    13278
     9572
     6263
     3608
     1813
     1016
     1282
     2589
     4840
     7858
    11413
    15227
    19005
    22453
    25302
    27331
    28379
    28364
    27287
    25229
    22351
    18877
    15079
    11253
     7700
     4697
     2482
     1230
     1040
     1928
     3825
     6582
     9985
    13764
    17622
    21254
    24372
    26730
    28140
    28489
    27748
    25976
    23310
    19963
    16200
    12320
     8632
     5430
     2969
     1447
      986
     1625
     3314
     5918
     9229
    12985
    16881
    20609
    23866
    26392
    27982
    28506
    27923
    26277
    23700
    20400
    16641
    12728
     8976
     5691
     3137
     1524
      983
     1558
     3205
     5791
     9106
    12881
    16810
    20571
    23858
    26403
    27995
    28506
    27890
    26198
    23567
    20211
    16406
    12464
     8708
     5446
     2948
     1421
      991
     1695
     3476
     6187
     9607
    13453
    17408
    21143
    24349
    26760
    28174
    28474
    27634
    25721
    22895
    19388
    15494
    11536
     7844
     4727
     2447
     1193
     1074
     2098
     4183
     7155
    10764
    14708
    18657
    22278
    25267
    27371
    28411
    28300
    27045
    24750
    21609
    17888
    13899
     9980
     6463
     3647
     1772
      998
     1392
     2921
     5456
     8784
    12620
    16639
    20497
    23866
    26456
    28046
    28499
    27774
    25933
    23132
    19610
    15669
    11648
     7891
     4724
     2417
     1172
     1096
     2198
     4383
     7465
    11176
    15197
    19180
    22781
    25686
    27644
    28482
    28127
    26609
    24059
    20696
    16815
    12751
     8860
     5482
     2911
     1374
     1005
     1839
     3803
     6727
    10355
    14369
    18418
    22145
    25223
    27379
    28424
    28264
    26911
    24485
    21198
    17339
    13250
     9293
     5816
     3129
     1471
      990
     1730
     3626
     6512
    10131
    14161
    18245
    22018
    25145
    27343
    28417
    28270
    26912
    24466
    21147
    17255
    13135
     9159
     5683
     3020
     1410
     1000
     1828
     3819
     6796
    10492
    14573
    18670
    22414
    25465
    27547
    28470
    28149
    26611
    23997
    20540
    16556
    12406
     8468
     5100
     2610
     1225
     1074
     2171
     4418
     7610
    11455
    15603
    19674
    23294
    26131
    27923
    28506
    27823
    25937
    23021
    19341
    15236
    11084
     7269
     4143
     1996
     1028
     1328
     2871
     5514
     9015
    13048
    17240
    21202
    24565
    27014
    28323
    28367
    27141
    24758
    21440
    17495
    13292
     9224
     5671
     2967
     1365
     1017
     1958
     4100
     7242
    11091
    15285
    19429
    23133
    26048
    27898
    28506
    27815
    25888
    22907
    19152
    14978
    10781
     6959
     3874
     1820
      994
     1475
     3218
     6060
     9729
    13878
    18111
    22024
    25243
    27459
    28460
    28149
    26554
    23827
    20229
    16102
    11844
     7864
     4544
     2204
     1070
     1253
     2737
     5380
     8927
    13037
    17314
    21342
    24735
    27161
    28385
    28286
    26874
    24284
    20766
    16663
    12371
     8309
     4872
     2396
     1124
     1181
     2562
     5133
     8646
    12756
    17062
    21143
    24597
    27086
    28365
    28306
    26915
    24326
    20794
    16665
    12345
     8261
     4815
     2348
     1105
     1210
     2654
     5294
     8872
    13033
    17365
    21438
    24847
    27254
    28419
    28223
    26685
    23958
    20311
    16108
    11768
     7724
     4380
     2071
     1030
     1361
     3033
     5880
     9617
    13869
    18211
    22206
    25452
    27621
    28495
    27983
    26136
    23140
    19295
    14989
    10657
     6738
     3627
     1641
      983
     1720
     3778
     6951
    10916
    15272
    19575
    23388
    26322
    28077
    28473
    27468
    25164
    21794
    17703
    13308
     9058
     5390
     2680
     1205
     1120
     2434
     5013
     8594
    12809
    17224
    21385
    24862
    27298
    28439
    28165
    26505
    23629
    19832
    15508
    11103
     7075
     3840
     1736
      983
     1660
     3697
     6885
    10891
    15300
    19654
    23496
    26426
    28136
    28448
    27327
    24890
    21389
    17191
    12736
     8489
     4898
     2340
     1085
     1266
     2865
     5715
     9518
    13873
    18320
    22392
    25658
    27771
    28507
    27787
    25686
    22426
    18350
    13891
     9521
     5704
     2846
     1254
     1096
     2391
     5003
     8654
    12956
    17450
    21656
    25124
    27485
    28483
    28010
    26116
    23003
    19002
    14544
    10107
     6166
     3146
     1373
     1039
     2181
     4678
     8262
    12546
    17068
    21341
    24902
    27365
    28463
    28075
    26243
    23162
    19169
    14693
    10221
     6240
     3182
     1383
     1038
     2187
     4705
     8320
    12637
    17186
    21469
    25018
    27444
    28479
    28010
    26087
    22918
    18851
    14332
     9857
     5918
     2950
     1279
     1091
     2408
     5087
     8833
    13232
    17800
    22032
    25458
    27699
    28506
    27788
    25623
    22249
    18042
    13467
     9033
     5232
     2490
     1112
     1252
     2898
     5866
     9826
    14337
    18895
    22989
    26162
    28058
    28462
    27329
    24783
    21109
    16720
    12108
     7790
     4254
     1898
      988
     1630
     3751
     7113
    11339
    15949
    20426
    24261
    27020
    28389
    28212
    26507
    23468
    19437
    14872
    10291
     6215
     3109
     1327
     1074
     2379
     5095
     8913
    13400
    18040
    22306
    25708
    27854
    28500
    27569
    25167
    21568
    17185
    12519
     8109
     4460
     1994
      996
     1582
     3686
     7067
    11335
    15998
    20518
    24371
    27111
    28420
    28145
    26317
    23145
    18998
    14355
     9756
     5737
     2763
     1184
     1185
     2765
     5743
     9772
    14382
    19037
    23191
    26359
    28168
    28405
    27043
    24239
    20319
    15744
    11050
     6790
     3463
     1464
     1026
     2205
     4861
     8684
    13222
    17944
    22286
    25740
    27894
    28492
    27463
    24927
    21182
    16673
    11934
     7528
     3977
     1706
      986
     1902
     4349
     8036
    12522
    17277
    21729
    25350
    27702
    28507
    27664
    25276
    21623
    17147
    12380
     7896
     4233
     1832
      983
     1788
     4153
     7796
    12274
    17054
    21555
    25236
    27651
    28507
    27699
    25323
    21666
    17171
    12379
     7874
     4201
     1806
      983
     1832
     4251
     7950
    12475
    17279
    21775
    25414
    27753
    28504
    27574
    25076
    21312
    16745
    11932
     7460
     3882
     1634
      995
     2045
     4655
     8508
    13127
    17947
    22375
    25863
    27981
    28467
    27259
    24505
    20543
    15864
    11047
     6683
     3318
     1368
     1076
     2481
     5408
     9495
    14238
    19042
    23316
    26522
    28262
    28318
    26680
    23553
    19326
    14524
     9750
     5598
     2590
     1103
     1325
     3229
     6578
    10952
    15806
    20525
    24521
    27287
    28475
    27935
    25733
    22144
    17622
    12734
     8100
     4303
     1827
      983
     1880
     4407
     8246
    12907
    17806
    22315
    25865
    28002
    28455
    27163
    24291
    20201
    15417
    10543
     6206
     2956
     1212
     1196
     2913
     6143
    10477
    15356
    20161
    24270
    27160
    28456
    27992
    25825
    22234
    17676
    12742
     8062
     4245
     1778
      985
     1967
     4601
     8544
    13292
    18228
    22716
    26171
    28147
    28386
    26855
    23751
    19478
    14586
     9717
     5498
     2483
     1063
     1426
     3526
     7090
    11654
    16624
    21348
    25211
    27705
    28504
    27501
    24826
    20828
    16032
    11065
     6580
     3167
     1275
     1154
     2823
     6061
    10446
    15396
    20265
    24404
    27269
    28481
    27876
    25534
    21764
    17062
    12054
     7399
     3719
     1501
     1040
     2400
     5402
     9647
    14572
    19521
    23834
    26938
    28416
    28070
    25945
    22321
    17686
    12654
     7903
     4065
     1657
     1002
     2191
     5064
     9238
    14153
    19149
    23553
    26773
    28375
    28142
    26102
    22532
    17908
    12857
     8061
     4164
     1699
      997
     2156
     5021
     9203
    14139
    19158
    23578
    26802
    28386
    28117
    26029
    22404
    17736
    12658
     7864
     4007
     1614
     1014
     2290
     5267
     9544
    14532
    19550
    23912
    27018
    28442
    27987
    25713
    21933
    17162
    12060
     7325
     3609
     1427
     1079
     2616
     5827
    10268
    15331
    20312
    24525
    27387
    28500
    27708
    25120
    21091
    16184
    11074
     6472
     3019
     1195
     1255
     3192
     6738
    11401
    16530
    21411
    25365
    27836
    28480
    27204
    24185
    19845
    14789
     9727
     5367
     2319
     1014
     1636
     4098
     8059
    12958
    18111
    22792
    26340
    28256
    28268
    26372
    22836
    18155
    12993
     8077
     4101
     1631
     1017
     2346
     5434
     9842
    14948
    20024
    24353
    27318
    28496
    27718
    25095
    20995
    16006
    10836
     6220
     2821
     1122
     1369
     3529
     7292
    12124
    17330
    22168
    25944
    28115
    28368
    26667
    23252
    18615
    13419
     8414
     4318
     1722
     1002
     2262
     5322
     9745
    14888
    20012
    24378
    27350
    28501
    27660
    24948
    20758
    15694
    10492
     5906
     2601
     1060
     1508
     3881
     7836
    12797
    18044
    22810
    26401
    28294
    28209
    26157
    22438
    17592
    12329
     7419
     3579
     1374
     1129
     2880
     6374
    11096
    16357
    21381
    25430
    27909
    28451
    26974
    23695
    19095
    13853
     8740
     4514
     1798
      994
     2224
     5307
     9788
    15005
    20183
    24556
    27477
    28507
    27493
    24586
    20214
    15028
     9798
     5304
     2215
      992
     1820
     4577
     8852
    14009
    19275
    23868
    27095
    28475
    27800
    25169
    20973
    15843
    10547
     5880
     2544
     1039
     1595
     4130
     8263
    13374
    18691
    23417
    26834
    28428
    27956
    25489
    21396
    16298
    10962
     6199
     2727
     1077
     1498
     3929
     8000
    13100
    18447
    23236
    26732
    28406
    28001
    25577
    21500
    16394
    11034
     6240
     2742
     1078
     1502
     3952
     8053
    13182
    18548
    23336
    26805
    28426
    27947
    25441
    21290
    16133
    10759
     6000
     2583
     1041
     1609
     4203
     8424
    13622
    18994
    23711
    27043
    28474
    27780
    25069
    20756
    15513
    10147
     5495
     2276
      994
     1848
     4706
     9126
    14424
    19770
    24337
    27408
    28507
    27458
    24425
    19879
    14531
     9213
     4761
     1868
      992
     2270
     5502
    10184
    15585
    20852
    25164
    27839
    28456
    26917
    23460
    18634
    13192
     7993
     3858
     1439
     1120
     2953
     6648
    11623
    17095
    22196
    26118
    28239
    28223
    26070
    22118
    16998
    11518
     6548
     2880
     1098
     1487
     3988
     8200
    13459
    18922
    23720
    27088
    28485
    27688
    24822
    20343
    14969
     9557
     4974
     1956
      987
     2224
     5472
    10208
    15675
    20993
    25307
    27925
    28421
    26715
    23080
    18100
    12580
     7404
     3415
     1255
     1273
     3468
     7490
    12685
    18216
    23185
    26787
    28438
    27868
    25167
    20774
    15398
     9917
     5218
     2069
      983
     2138
     5346
    10090
    15592
    20959
    25311
    27939
    28410
    26647
    22936
    17885
    12316
     7145
     3218
     1181
     1369
     3753
     7943
    13252
    18807
    23696
    27112
    28493
    27609
    24605
    19973
    14479
     9026
     4518
     1697
     1033
     2637
     6244
    11259
    16854
    22099
    26127
    28267
    28164
    25833
    21660
    16334
    10746
     5819
     2378
      995
     1903
     4953
     9635
    15170
    20637
    25120
    27872
    28428
    26696
    22964
    17854
    12223
     7013
     3097
     1136
     1457
     4010
     8368
    13797
    19387
    24199
    27419
    28506
    27274
    23930
    19036
    13415
     8020
     3759
     1352
     1209
     3357
     7431
    12746
    18399
    23435
    26998
    28484
    27638
    24603
    19891
    14304
     8790
     4289
     1567
     1087
     2934
     6797
    12013
    17699
    22881
    26675
    28430
    27847
    25022
    20438
    14878
     9294
     4642
     1723
     1036
     2701
     6434
    11598
    17301
    22569
    26489
    28390
    27941
    25220
    20690
    15136
     9512
     4790
     1787
     1021
     2629
     6331
    11490
    17215
    22512
    26465
    28387
    27942
    25208
    20656
    15076
     9439
     4721
     1746
     1033
     2707
     6479
    11691
    17437
    22716
    26603
    28422
    27851
    24989
    20335
    14702
     9075
     4440
     1609
     1080
     2947
     6884
    12204
    17968
    23170
    26890
    28476
    27646
    24545
    19716
    14012
     8433
     3969
     1404
     1193
     3376
     7569
    13030
    18798
    23848
    27288
    28507
    27287
    23844
    18786
    13008
     7539
     3348
     1182
     1426
     4040
     8559
    14181
    19904
    24710
    27739
    28451
    26717
    22846
    17524
    11707
     6430
     2640
     1016
     1849
     4995
     9886
    15651
    21255
    25691
    28163
    28224
    25862
    21502
    15923
    10132
     5171
     1932
     1003
     2551
     6300
    11574
    17422
    22786
    26700
    28451
    27723
    24646
    19774
    13991
     8342
     3854
     1340
     1259
     3627
     8017
    13628
    19446
    24408
    27614
    28475
    26836
    22991
    17643
    11763
     6428
     2609
     1008
     1916
     5172
    10179
    16024
    21635
    25985
    28276
    28085
    25447
    20845
    15119
     9325
     4524
     1604
     1100
     3108
     7261
    12791
    18683
    23852
    27340
    28504
    27128
    23462
    18186
    12271
     6812
     2821
     1037
     1792
     4950
     9923
    15793
    21469
    25897
    28255
    28102
    25464
    20832
    15065
     9238
     4434
     1553
     1130
     3248
     7511
    13127
    19046
    24163
    27519
    28486
    26881
    23004
    17577
    11620
     6245
     2466
      989
     2096
     5578
    10785
    16736
    22316
    26470
    28418
    27791
    24703
    19739
    13832
     8093
     3611
     1231
     1404
     4100
     8810
    14643
    20498
    25264
    28038
    28292
    25975
    21528
    15790
     9854
     4847
     1718
     1067
     3019
     7203
    12826
    18814
    24029
    27473
    28489
    26882
    22957
    17461
    11446
     6058
     2333
      983
     2267
     5942
    11307
    17330
    22860
    26832
    28485
    27498
    24060
    18828
    12812
     7164
     2977
     1055
     1771
     4989
    10090
    16089
    21832
    26205
    28366
    27893
    24875
    19899
    13923
     8103
     3571
     1203
     1462
     4299
     9162
    15114
    20993
    25658
    28204
    28130
    25451
    20686
    14761
     8834
     4057
     1365
     1283
     3830
     8509
    14411
    20375
    25242
    28054
    28262
    25820
    21209
    15328
     9332
     4397
     1492
     1190
     3551
     8113
    13982
    20000
    24987
    27956
    28323
    26013
    21480
    15618
     9583
     4564
     1557
     1155
     3441
     7965
    13830
    19876
    24910
    27929
    28335
    26045
    21510
    15634
     9577
     4548
     1544
     1165
     3489
     8054
    13951
    20010
    25019
    27980
    28301
    25917
    21300
    15373
     9318
     4349
     1457
     1225
     3698
     8387
    14349
    20394
    25305
    28098
    28211
    25619
    20841
    14838
     8813
     3981
     1315
     1353
     4089
     8974
    15025
    21018
    25747
    28256
    28036
    25129
    20123
    14025
     8075
     3472
     1152
     1585
     4688
     9829
    15972
    21864
    26313
    28411
    27733
    24412
    19126
    12944
     7130
     2864
     1020
     1974
     5533
    10972
    17185
    22897
    26948
    28503
    27244
    23428
    17834
    11605
     6019
     2219
      989
     2580
     6668
    12416
    18642
    24069
    27581
    28453
    26503
    22133
    16239
    10037
     4802
     1619
     1143
     3475
     8133
    14160
    20308
    25308
    28122
    28169
    25436
    20489
    14348
     8290
     3568
     1166
     1582
     4731
     9961
    16189
    22114
    26510
    28457
    27549
    23973
    18472
    12196
     6448
     2429
      983
     2410
     6415
    12163
    18450
    23965
    27551
    28455
    26487
    22058
    16093
     9846
     4623
     1527
     1205
     3729
     8568
    14710
    20857
    25721
    28273
    27976
    24890
    19664
    13399
     7417
     2980
     1029
     1975
     5622
    11198
    17527
    23267
    27205
    28502
    26883
    22691
    16811
    10492
     5075
     1709
     1115
     3418
     8130
    14252
    20479
    25487
    28206
    28057
    25068
    19878
    13589
     7547
     3041
     1035
     1960
     5620
    11232
    17599
    23354
    27267
    28496
    26775
    22475
    16514
    10170
     4810
     1582
     1185
     3704
     8599
    14818
    21023
    25876
    28331
    27857
    24553
    19132
    12763
     6820
     2589
      985
     2357
     6409
    12267
    18663
    24210
    27709
    28395
    26121
    21376
    15193
     8909
     3893
     1235
     1514
     4674
    10025
    16404
    22425
    26772
    28498
    27224
    23225
    17375
    10950
     5351
     1806
     1089
     3360
     8125
    14337
    20644
    25656
    28278
    27932
    24693
    19266
    12848
     6844
     2577
      984
     2418
     6564
    12514
    18956
    24472
    27843
    28326
    25813
    20857
    14547
     8283
     3444
     1104
     1780
     5325
    10958
    17430
    23307
    27289
    28489
    26639
    22150
    16013
     9597
     4320
     1362
     1379
     4371
     9671
    16105
    22234
    26697
    28495
    27226
    23170
    17234
    10738
     5139
     1685
     1151
     3659
     8647
    15002
    21303
    26133
    28411
    27624
    23946
    18203
    11681
     5847
     2011
     1038
     3148
     7869
    14137
    20547
    25647
    28292
    27882
    24508
    18929
    12406
     6407
     2294
      994
     2804
     7315
    13512
    19987
    25277
    28179
    28036
    24879
    19419
    12898
     6797
     2498
      983
     2597
     6975
    13125
    19640
    25044
    28102
    28115
    25079
    19684
    13158
     6997
     2602
      983
     2509
     6836
    12970
    19515
    24967
    28079
    28134
    25118
    19723
    13186
     7003
     2598
      983
     2531
     6889
    13055
    19609
    25048
    28112
    28096
    25004
    19543
    12974
     6812
     2482
      984
     2665
     7140
    13376
    19927
    25283
    28197
    27995
    24722
    19137
    12529
     6436
     2269
     1000
     2925
     7597
    13930
    20458
    25654
    28313
    27811
    24263
    18498
    11853
     5884
     1982
     1058
     3331
     8274
    14728
    21189
    26142
    28429
    27512
    23603
    17618
    10958
     5183
     1653
     1195
     3919
     9185
    15762
    22099
    26708
    28502
    27057
    22713
    16490
     9855
     4372
     1334
     1460
     4725
    10355
    17025
    23155
    27300
    28474
    26399
    21565
    15115
     8573
     3497
     1085
     1914
     5788
    11790
    18494
    24310
    27852
    28277
    25483
    20131
    13497
     7159
     2626
      983
     2621
     7152
    13499
    20141
    25498
    28284
    27835
    24254
    18398
    11663
     5669
     1846
     1114
     3649
     8848
    15460
    21905
    26629
    28499
    27064
    22666
    16362
     9668
     4194
     1261
     1575
     5063
    10889
    17643
    23701
    27597
    28389
    25886
    20689
    14053
     7584
     2846
      988
     2461
     6912
    13259
    19971
    25415
    28270
    27842
    24232
    18318
    11534
     5527
     1764
     1158
     3860
     9216
    15916
    22336
    26903
    28506
    26750
    22065
    15589
     8906
     3649
     1105
     1896
     5834
    11951
    18757
    24578
    27992
    28157
    25031
    19380
    12592
     6328
     2134
     1037
     3311
     8400
    15050
    21626
    26509
    28493
    27089
    22643
    16244
     9476
     4006
     1189
     1720
     5471
    11515
    18360
    24312
    27895
    28222
    25209
    19602
    12791
     6460
     2187
     1029
     3278
     8378
    15059
    21666
    26550
    28498
    27022
    22490
    16025
     9242
     3827
     1137
     1841
     5768
    11936
    18809
    24665
    28043
    28095
    24805
    18998
    12123
     5904
     1900
     1115
     3750
     9145
    15945
    22447
    27013
    28498
    26524
    21589
    14927
     8222
     3156
     1009
     2323
     6771
    13228
    20072
    25570
    28337
    27669
    23735
    17529
    10617
     4747
     1407
     1444
     4850
    10766
    17689
    23869
    27733
    28303
    25429
    19842
    12956
     6526
     2184
     1037
     3378
     8615
    15412
    22042
    26812
    28506
    26690
    21823
    15150
     8372
     3219
     1014
     2318
     6801
    13320
    20203
    25690
    28373
    27565
    23468
    17135
    10184
     4406
     1280
     1614
     5321
    11454
    18432
    24465
    27995
    28114
    24789
    18873
    11894
     5649
     1748
     1201
     4153
     9839
    16797
    23223
    27459
    28405
    25818
    20361
    13451
     6872
     2335
     1014
     3256
     8478
    15331
    22030
    26839
    28505
    26592
    21599
    14818
     8020
     2971
      988
     2589
     7362
    14060
    20938
    26200
    28473
    27159
    22602
    15987
     9049
     3597
     1065
     2113
     6470
    12995
    19982
    25595
    28363
    27557
    23386
    16947
     9926
     4171
     1195
     1783
     5782
    12142
    19187
    25064
    28222
    27827
    23981
    17699
    10633
     4654
     1338
     1565
     5278
    11493
    18569
    24637
    28084
    28000
    24403
    18244
    11158
     5019
     1463
     1431
     4935
    11046
    18143
    24335
    27978
    28100
    24667
    18592
    11491
     5254
     1548
     1360
     4744
    10799
    17906
    24171
    27919
    28146
    24788
    18743
    11627
     5345
     1578
     1340
     4692
    10743
    17867
    24155
    27917
    28142
    24769
    18699
    11568
     5289
     1551
     1365
     4783
    10882
    18026
    24284
    27972
    28092
    24611
    18464
    11311
     5084
     1470
     1443
     5014
    11217
    18379
    24556
    28078
    27986
    24303
    18030
    10861
     4748
     1347
     1584
     5398
    11754
    18922
    24958
    28213
    27804
    23837
    17395
    10226
     4289
     1204
     1812
     5953
    12492
    19647
    25467
    28355
    27521
    23192
    16549
     9413
     3733
     1071
     2156
     6692
    13438
    20545
    26058
    28468
    27107
    22349
    15499
     8442
     3115
      990
     2652
     7644
    14595
    21586
    26693
    28506
    26521
    21283
    14241
     7334
     2477
     1009
     3340
     8825
    15953
    22744
    27323
    28416
    25719
    19980
    12787
     6135
     1873
     1185
     4263
    10256
    17497
    23975
    27885
    28138
    24662
    18425
    11157
     4892
     1372
     1581
     5466
    11940
    19198
    25215
    28305
    27605
    23309
    16613
     9395
     3675
     1052
     2266
     6979
    13869
    21008
    26389
    28502
    26752
    21630
    14569
     7558
     2567
     1001
     3305
     8829
    16021
    22854
    27402
    28383
    25517
    19608
    12328
     5728
     1674
     1313
     4750
    11014
    18335
    24640
    28145
    27855
    23849
    17264
     9963
     4014
     1113
     2079
     6642
    13510
    20727
    26246
    28495
    26833
    21729
    14637
     7573
     2553
     1006
     3376
     8989
    16246
    23074
    27527
    28328
    25247
    19165
    11815
     5305
     1494
     1476
     5257
    11759
    19117
    25223
    28324
    27529
    23066
    16213
     8935
     3327
      999
     2624
     7737
    14865
    21959
    26980
    28475
    26013
    20304
    12988
     6179
     1840
     1228
     4517
    10765
    18160
    24573
    28141
    27835
    23739
    17038
     9672
     3775
     1056
     2306
     7166
    14224
    21436
    26706
    28501
    26299
    20738
    13431
     6507
     1978
     1166
     4310
    10491
    17915
    24416
    28097
    27882
    23833
    17128
     9727
     3790
     1055
     2322
     7224
    14327
    21554
    26787
    28494
    26172
    20500
    13137
     6247
     1848
     1236
     4592
    10930
    18392
    24781
    28221
    27695
    23359
    16483
     9097
     3371
      999
     2679
     7919
    15172
    22304
    27201
    28421
    25600
    19568
    12111
     5431
     1505
     1499
     5416
    12096
    19565
    25604
    28424
    27185
    22256
    15093
     7828
     2615
     1007
     3484
     9310
    16756
    23602
    27812
    28132
    24462
    17894
    10388
     4178
     1121
     2130
     6908
    14024
    21362
    26718
    28497
    26161
    20408
    12959
     6045
     1734
     1322
     4935
    11490
    19024
    25273
    28363
    27363
    22573
    15428
     8077
     2730
      997
     3402
     9222
    16705
    23601
    27827
    28110
    24361
    17708
    10162
     3996
     1078
     2287
     7264
    14502
    21817
    26990
    28459
    25775
    19747
    12205
     5431
     1479
     1551
     5628
    12471
    20009
    25946
    28481
    26840
    21522
    14139
     6942
     2116
     1138
     4305
    10652
    18250
    24779
    28248
    27596
    23022
    15915
     8453
     2910
      987
     3269
     9065
    16597
    23566
    27832
    28090
    24258
    17508
     9908
     3793
     1037
     2490
     7709
    15087
    22366
    27299
    28373
    25253
    18899
    11263
     4700
     1230
     1926
     6576
    13743
    21221
    26703
    28493
    26034
    20089
    12488
     5586
     1515
     1537
     5647
    12577
    20177
    26097
    28498
    26634
    21083
    13565
     6409
     1843
     1283
     4906
    11590
    19253
    25518
    28429
    27082
    21891
    14475
     7140
     2176
     1130
     4331
    10781
    18471
    24997
    28323
    27405
    22528
    15217
     7756
     2483
     1046
     3899
    10148
    17841
    24558
    28199
    27617
    22993
    15778
     8236
     2735
     1004
     3588
     9670
    17344
    24185
    28046
    27706
    23274
    16142
     8559
     2913
      986
     3382
     9342
    16982
    23889
    27878
    27686
    23376
    16306
     8717
     3004
      977
     3269
     9155
    16761
    23678
    27705
    27566
    23306
    16278
     8708
     3004
      970
     3249
     9111
    16681
    23553
    27531
    27352
    23070
    16054
     8535
     2910
      966
     3317
     9203
    16738
    23509
    27354
    27040
    22668
    15642
     8203
     2731
      970
     3474
     9430
    16924
    23543
    27165
    26626
    22101
    15046
     7724
     2479
      992
     3727
     9793
    17231
    23636
    26949
    26100
    21368
    14275
     7110
     2173
     1049
     4086
    10290
    17645
    23772
    26686
    25447
    20460
    13336
     6382
     1837
     1162
     4559
    10914
    18154
    23926
    26353
    24653
    19380
    12246
     5567
     1501
     1355
     5160
    11663
    18733
    24065
    25920
    23700
    18127
    11024
     4695
     1199
     1655
     5897
    12524
    19355
    24156
    25357
    22569
    16707
     9690
     3806
      969
     2088
     6775
    13476
    19985
    24158
    24630
    21249
    15129
     8281
     2943
      852
     2676
     7794
    14500
    20581
    24027
    23708
    19734
    13420
     6839
     2154
      890
     3441
     8942
    15558
    21094
    23716
    22565
    18024
    11602
     5411
     1494
     1121
     4393
    10200
    16603
    21466
    23180
    21180
    16134
     9722
     4060
     1017
     1578
     5531
    11534
    17579
    21644
    22379
    19545
    14090
     7834
     2850
      777
     2283
     6838
    12895
    18422
    21564
    21279
    17666
    11941
     6010
     1847
      821
     3245
     8282
    14219
    19057
    21173
    19862
    15570
     9742
     4324
     1122
     1181
     4452
     9808
    15429
    19414
    20425
    18129
    13304
     7576
     2864
      734
     1873
     5869
    11343
    16436
    19419
    19291
    16103
    10939
     5536
     1712
      730
     2893
     7437
    12798
    17150
    19014
    17767
    13838
     8564
     3724
      944
     1135
     4201
     9068
    14065
    17482
    18159
    15876
    11414
     6294
     2243
      621
     1943
     5729
    10657
    15034
    17358
    16845
    13678
     8941
     4250
     1189
      774
     3114
     7376
    12076
    15596
    16730
    15098
    11267
     6552
     2556
      630
     1399
     4566
     9013
    13192
    15664
    15583
    12987
     8771
     4387
     1322
      605
     2448
     6179
    10490
    13881
    15181
    13951
    10623
     6348
     2593
      631
     1107
     3820
     7804
    11656
    14041
    14136
    11916
     8160
     4163
     1293
      519
     2072
     5379
     9267
    12370
    13613
    12570
     9614
     5773
     2374
      575
      970
     3386
     6947
    10396
    12524
    12593
    10589
     7217
     3650
     1116
      471
     1903
     4878
     8332
    11042
    12063
    11044
     8350
     4928
     1964
      473
      943
     3174
     6353
     9347
    11099
    11000
     9094
     6057
     2949
      847
      458
     1884
     4590
     7599
     9841
    10528
     9427
     6932
     3927
     1455
      365
     1008
     3121
     5930
     8426
     9725
     9373
     7505
     4784
     2168
      561
      503
     1977
     4433
     6975
     8697
     8991
     7760
     5450
     2878
      943
      305
     1157
     3163
     5586
     7549
     8354
     7723
     5887
     3505
     1413
      336
      626
     2146
     4326
     6370
     7545
     7436
     6090
     3995
     1893
      519
      335
     1375
     3237
     5232
     6638
     6953
     6074
     4321
     2324
      783
      230
      830
     2337
     4186
     5701
     6336
     5870
     4479
     2664
     1071
      252
      474
     1624
     3264
     4786
     5639
     5518
     4476
     2895
     1338
      353
      268
     1085
     2481
     3934
     4910
     5060
     4337
     3009
     1554
      488
      173
      696
     1839
     3168
     4190
     4536
     4087
     3011
     1703
      625
      153
      430
     1329
     2501
     3508
     3982
     3755
     2917
     1776
      742
      175
      259
      936
     1938
     2884
     3426
     3370
     2742
     1777
      824
      217
      158
      643
     1473
     2329
     2892
     2957
     2508
     1714
      864
      260
      104
      431
     1100
     1848
     2394
     2538
     2234
     1597
      862
      292
       80
      283
      806
     1440
     1943
     2131
     1937
     1440
      823
      308
       72
      182
      579
     1101
     1545
     1746
     1635
     1256
      752
      306
       70
      116
      408
      824
     1200
     1394
     1339
     1058
      659
      286
       69
       73
      281
      602
      907
     1080
     1060
      857
      551
      252
       65
       46
      189
      427
      663
      806
      805
      664
      437
      208
       57
       29
      123
      291
      464
      574
      581
      485
      325
      160
       46
       18
       76
      188
      306
      383
      391
      329
      223
      111
       33
       11
       44
      112
      185
      232
      237
      199
      135
       68
       21
        6
       22
       58
       96
      120
      121
      100
       67
       33
       10
        2
        9
       23
       37
       45
       43
       34
       21
       10
        2
        0
        2
        4
        6
        6
        4
        2
        1
        0
        0
        0
        0
        0
        0
        0
        0
        0
        0
        0
        0
        0
        0
        0
        0
        0
        0
        0
        0
        0
        0
        0
        0
        0
        0
        0
        0
        0
        0
        0
        0
        0
        0
        0
        0
        0
        0
        0
        0
        0
        0
        0
        0
        0
        0
        0
        0
        0
        0
        0
        0
        0
        0
        0
        0
        0
        0
        0
        0
        0
        0
        0
        0
        0
        0
        0
        0
        0
        0
        0
        0
        0
        0
        0
        0
        0
        0
        0
        0
        0
        0
        0
        0
        0
        0
        0
        0
        0
        0
        0
        0
        0
        0
        0
        0
        0
        0
        0
        0
        0
        0
        0
        0
        0
        0
        0
        0
        0
        0
        0
        0
        0
        0
        0
        0
        0
        0
        0
        0
        0
        0
        0
        0
        0
        0
        0
        0
        0
        0
        0
        0
        0
        0
        0
        0
        0
        0
        0
        0
        0
        0
        0
        0
        0
        0
        0
        0
        0
        0
        0
        0
        0
        0
        0
        0
        0
        0
        0
        0
        0
        0
        0
        0
        0
        0
        0
        0
        0
        0
        0
        0
        0
        0
        0
        0
        0
        0
        0
        0
        0
        0
        0
        0
        0
        0
        0
        0
        0
        0
        0
        0
        0
        0
        0
        0
        0
        0
        0
        0
        0
        0
        0
