# % chirp data file 
# % sample rate                 = 1.000000e+02 
# % static offset               = 6.553400e+03 
# % starting amplitude          = 3.276700e+03 
# % stopping amplitude          = 5.898060e+03 
# % starting frequency          = 2.000000e+01 
# % stopping frequency          = 5.000000e-01 
# % number of cycles            = 102.500000 
# % exponent of frequency sweep = 1.000000e+00 
# % exponent of amplitude sweep = 1.000000e+00 
# % sweep time                  = 1.000000e+01 
# % total time                  = 1.200000e+01 
        0
        0
        0
        0
        0
        0
        0
        0
        0
        0
        0
        0
        0
        0
        0
        0
        0
        0
        0
        0
        0
        0
        0
        0
        0
        0
        0
        0
        0
        0
        0
        0
        0
        0
        0
        0
        0
        0
        0
        0
        0
        0
        0
        0
        0
        0
        0
        0
        0
        0
        0
        0
        0
        0
        0
        0
        0
        0
        0
        0
        0
        0
        0
        0
        0
        0
        0
        0
        0
        0
        0
        0
        0
        0
        0
        0
        0
        0
        0
        0
        0
        0
        0
        0
        0
        0
        0
        0
        0
        0
        0
        0
        0
        0
        0
        0
        0
        0
        0
        0
        1
        3
        8
       29
       59
       66
       46
       58
      144
      236
      226
      139
      149
      335
      525
      488
      290
      270
      581
      915
      862
      512
      414
      854
     1385
     1357
      825
      579
     1118
     1900
     1972
     1257
      775
     1341
     2413
     2693
     1838
     1028
     1498
     2859
     3481
     2591
     1388
     1590
     3171
     4266
     3520
     1920
     1652
     3290
     4945
     4587
     2692
     1766
     3196
     5394
     5697
     3746
     2058
     2931
     5496
     6689
     5058
     2669
     2625
     5190
     7355
     6505
     3707
     2490
     4524
     7491
     7847
     5176
     2777
     3696
     6980
     8757
     6910
     3686
     3045
     5887
     8914
     8550
     5242
     2969
     4521
     8149
     9611
     7192
     3761
     3401
     6596
     9645
     8999
     5419
     3093
     4750
     8486
     9983
     7515
     3934
     3363
     6453
     9659
     9315
     5819
     3157
     4353
     8046
    10050
     8103
     4406
     3124
     5693
     9228
     9771
     6720
     3481
     3657
     7049
     9893
     9045
     5446
     3065
     4517
     8203
    10085
     8108
     4434
     3064
     5483
     9063
     9929
     7150
     3726
     3340
     6401
     9627
     9569
     6294
     3293
     3754
     7182
     9947
     9129
     5597
     3068
     4194
     7792
    10096
     8707
     5075
     2976
     4583
     8228
    10146
     8364
     4720
     2954
     4871
     8507
    10153
     8138
     4513
     2953
     5031
     8645
    10155
     8048
     4442
     2945
     5048
     8651
    10170
     8103
     4501
     2923
     4921
     8524
    10195
     8301
     4699
     2902
     4655
     8251
    10204
     8630
     5052
     2917
     4272
     7812
    10150
     9059
     5582
     3026
     3811
     7188
     9968
     9535
     6300
     3302
     3342
     6377
     9578
     9970
     7195
     3826
     2971
     5413
     8903
    10241
     8207
     4664
     2838
     4386
     7898
    10195
     9208
     5831
     3101
     3463
     6586
     9681
     9994
     7252
     3890
     2880
     5107
     8607
    10306
     8719
     5240
     2904
     3740
     7016
     9893
     9887
     7009
     3738
     2880
     5163
     8632
    10333
     8824
     5390
     2938
     3534
     6670
     9709
    10106
     7536
     4146
     2756
     4515
     7960
    10246
     9491
     6323
     3342
     2986
     5538
     8916
    10378
     8743
     5339
     2912
     3410
     6428
     9546
    10278
     8045
     4628
     2734
     3856
     7104
     9919
    10096
     7501
     4166
     2688
     4210
     7546
    10116
     9941
     7162
     3915
     2685
     4405
     7759
    10199
     9879
     7048
     3843
     2673
     4411
     7750
    10197
     9935
     7164
     3941
     2644
     4224
     7514
    10101
    10097
     7512
     4230
     2630
     3866
     7039
     9863
    10314
     8075
     4750
     2708
     3393
     6315
     9405
    10488
     8808
     5549
     2991
     2913
     5364
     8639
    10473
     9606
     6640
     3615
     2597
     4276
     7503
    10086
    10280
     7961
     4694
     2674
     3248
     6026
     9155
    10558
     9311
     6245
     3381
     2598
     4403
     7610
    10130
    10329
     8085
     4852
     2713
     3038
     5612
     8786
    10540
     9764
     6956
     3894
     2505
     3655
     6617
     9540
    10605
     9157
     6099
     3321
     2530
     4206
     7316
     9962
    10535
     8695
     5560
     3024
     2608
     4555
     7695
    10155
    10476
     8474
     5338
     2917
     2630
     4638
     7763
    10184
    10499
     8533
     5425
     2966
     2562
     4439
     7519
    10051
    10602
     8867
     5830
     3199
     2444
     3981
     6947
     9694
    10706
     9429
     6573
     3707
     2394
     3344
     6035
     9006
    10654
    10097
     7642
     4606
     2606
     2702
     4835
     7874
    10218
    10640
     8927
     5978
     3328
     2347
     3536
     6277
     9158
    10708
    10141
     7753
     4758
     2669
     2533
     4412
     7360
     9906
    10786
     9573
     6870
     4012
     2400
     2816
     5050
     8013
    10269
    10734
     9191
     6385
     3660
     2312
     2973
     5325
     8255
    10385
    10723
     9117
     6321
     3633
     2293
     2912
     5198
     8103
    10301
    10799
     9377
     6684
     3933
     2355
     2648
     4676
     7534
     9959
    10885
     9913
     7474
     4636
     2630
     2319
     3831
     6510
     9206
    10771
    10546
     8632
     5843
     3353
     2203
     2867
     5061
     7873
    10138
    10930
     9929
     7552
     4769
     2710
     2203
     3444
     5930
     8664
    10557
    10862
     9467
     6927
     4241
     2459
     2270
     3740
     6294
     8948
    10682
    10840
     9368
     6830
     4190
     2439
     2229
     3632
     6120
     8767
    10596
    10938
     9676
     7277
     4615
     2656
     2102
     3146
     5407
     8075
    10201
    11037
    10295
     8242
     5600
     3291
     2114
     2469
     4227
     6780
     9254
    10809
    10925
     9568
     7200
     4618
     2682
     2029
     2870
     4920
     7504
     9776
    11000
    10785
     9208
     6781
     4283
     2508
     2016
     2954
     5022
     7567
     9794
    11015
    10857
     9376
     7032
     4544
     2668
     1967
     2647
     4497
     6958
     9298
    10823
    11090
    10026
     7949
     5468
     3303
     2076
     2135
     3455
     5655
     8107
    10119
    11129
    10860
     9393
     7141
     4730
     2820
     1932
     2301
     3820
     6074
     8455
    10325
    11191
    10830
     9343
     7126
     4762
     2865
     1924
     2174
     3545
     5682
     8036
    10015
    11121
    11084
     9919
     7922
     5589
     3495
     2150
     1876
     2734
     4510
     6773
     8982
    10611
    11281
    10840
     9397
     7294
     5023
     3106
     1981
     1900
     2875
     4678
     6901
     9043
    10629
    11311
    10945
     9618
     7624
     5401
     3429
     2129
     1776
     2437
     3967
     6039
     8215
    10043
    11146
    11303
    10487
     8871
     6788
     4660
     2914
     1896
     1803
     2647
     4256
     6311
     8410
    10147
    11192
    11351
    10597
     9082
     7093
     5007
     3211
     2034
     1690
     2233
     3561
     5427
     7492
     9386
    10775
    11416
    11202
    10177
     8525
     6536
     4552
     2913
     1893
     1661
     2249
     3553
     5352
     7346
     9206
    10632
    11395
    11379
    10591
     9164
     7327
     5371
     3603
     2295
     1646
     1750
     2585
     4018
     5830
     7747
     9483
    10783
    11461
    11422
    10678
     9342
     7610
     5731
     3971
     2577
     1740
     1571
     2087
     3213
     4790
     6602
     8404
     9955
    11054
    11559
    11409
    10630
     9328
     7673
     5880
     4175
     2772
     1843
     1497
     1774
     2632
     3964
     5603
     7354
     9004
    10363
    11272
    11632
    11406
    10624
     9382
     7823
     6126
     4479
     3066
     2039
     1505
     1517
     2070
     3098
     4489
     6093
     7741
     9262
    10502
    11336
    11685
    11520
    10860
     9777
     8382
     6812
     5221
     3762
     2572
     1760
     1398
     1514
     2094
     3079
     4376
     5864
     7410
     8876
    10134
    11077
    11628
    11743
    11418
    10686
     9610
     8286
     6823
     5342
     3964
     2797
     1930
     1430
     1329
     1632
     2311
     3308
     4547
     5932
     7357
     8719
     9920
    10875
    11519
    11810
    11733
    11297
    10537
     9509
     8285
     6949
     5592
     4303
     3164
     2247
     1607
     1282
     1286
     1616
     2247
     3137
     4228
     5453
     6740
     8009
     9190
    10216
    11031
    11593
    11873
    11861
    11561
    10995
    10194
     9205
     8083
     6887
     5679
     4519
     3466
     2569
     1870
     1399
     1176
     1207
     1486
     1998
     2714
     3601
     4614
     5707
     6833
     7942
     8986
     9923
    10716
    11336
    11758
    11971
    11968
    11754
    11342
    10749
    10001
     9129
     8168
     7153
     6122
     5111
     4156
     3288
     2536
     1922
     1464
     1174
     1058
     1117
     1346
     1733
     2265
     2922
     3682
     4522
     5415
     6334
     7255
     8150
     8996
     9772
    10459
    11040
    11503
    11839
    12043
    12111
    12043
    11840
    11511
    11065
    10518
     9883
     9179
     8421
     7628
     6820
     6014
     5225
     4469
     3761
     3113
     2534
     2033
     1615
     1284
     1042
      888
      820
      834
      925
     1086
     1310
     1587
     1910
     2270
     2656
     3059
     3470
     3881
     4285
     4673
     5038
     5377
     5683
     5953
     6183
     6372
     6519
     6622
     6682
     6700
     6678
     6617
     6520
     6390
     6229
     6042
     5832
     5601
     5354
     5094
     4824
     4548
     4268
     3987
     3708
     3434
     3165
     2904
     2653
     2413
     2184
     1968
     1764
     1575
     1398
     1235
     1086
      950
      826
      714
      614
      525
      446
      376
      315
      263
      217
      178
      145
      117
       93
       74
       58
       45
       34
       26
       19
       14
       10
        6
        4
        2
        1
        0
        0
        0
        0
        0
        0
        0
        0
        0
        0
        0
        0
        0
        0
        0
        0
        0
        0
        0
        0
        0
        0
        0
        0
        0
        0
        0
        0
        0
        0
        0
        0
        0
        0
        0
        0
        0
        0
        0
        0
        0
        0
        0
        0
        0
        0
        0
        0
        0
        0
        0
        0
        0
        0
        0
        0
        0
        0
        0
        0
        0
        0
        0
        0
        0
        0
        0
        0
        0
        0
        0
        0
        0
        0
        0
        0
        0
        0
        0
        0
        0
        0
        0
        0
        0
        0
        0
        0
        0
        0
        0
        0
        0
        0
        0
        0
        0
        0
        0
        0
        0
        0
        0
